4.478011557829729705e-01
3.999138431600203769e-01
3.532086672470872712e-01
3.078896405161140604e-01
2.641895456198471992e-01
2.223570764647089526e-01
1.826269132440937193e-01
1.451660625169432506e-01
1.099978280253341989e-01
7.692576267711981330e-02
4.550927550434558100e-02
1.515357191639471468e-02
2.943966912001272362e-03
2.737371006569332046e-03
1.174643451482184145e-02
7.008423851121745735e-03
1.419384071248249368e-04
4.886854790576010410e-03
9.575632160696576425e-03
1.315790273160265082e-02
1.587513999535054149e-02
1.365506500118343972e-02
1.092541921295677766e-02
8.024192345854060104e-03
4.941422237162492771e-03
1.681731995376918370e-03
1.634180374308119273e-03
5.179509387621099824e-03
8.703123213001975542e-03
1.208681829228499052e-02
1.517635140151229675e-02
1.779354708025652002e-02
1.975357628518180364e-02
2.088627691846216272e-02
2.105842733760673186e-02
2.019260969178070936e-02
1.827856597525857538e-02
1.537490300424341171e-02
1.160176566493391348e-02
7.127314401659964882e-03
2.151635242143820886e-03
1.146082076456167876e-03
1.588017250639950362e-04
6.032286874904535523e-03
1.228003942981992225e-02
1.763331442566062890e-02
2.201893788004660735e-02
2.537168315206539404e-02
2.763838638434368278e-02
2.878146581834517548e-02
2.878146581834473139e-02
2.763838638433524508e-02
2.537168315206717040e-02
2.201893788006541522e-02
1.763331442566418161e-02
1.228003942981459318e-02
6.032286874895653739e-03
1.588017250604423225e-04
1.146082076459720156e-03
2.151635242147342808e-03
7.127314401671469568e-03
1.160176566492943095e-02
1.537490300424959599e-02
1.827856597528024554e-02
2.019260969176974244e-02
2.105842733760446978e-02
2.088627691845665671e-02
1.975357628518415246e-02
1.779354708026694570e-02
1.517635140151083091e-02
1.208681829229066480e-02
8.703123213007007974e-03
5.179509387625659544e-03
1.634180374299534777e-03
1.681731995373567101e-03
4.941422237160028597e-03
8.024192345860256537e-03
1.092541921296603241e-02
1.365506500117118910e-02
1.587513999535310194e-02
1.315790273161140944e-02
9.575632160704061757e-03
4.886854790567676798e-03
1.419384071179724538e-04
7.008423851129805260e-03
1.174643451480972267e-02
2.737371006570597960e-03
2.943966912006400639e-03
1.515357191639399304e-02
4.550927550433758739e-02
7.692576267712825100e-02
1.099978280253346430e-01
1.451660625169500229e-01
1.826269132440822007e-01
2.223570764646979059e-01
2.641895456198497527e-01
3.078896405161148930e-01
3.532086672470797772e-01
3.999138431600335331e-01
4.478011557829519318e-01
