-3.945632321830263609e-10
-3.866425983683221718e-06
-2.640122071729652023e-06
-2.275589190418665341e-05
-4.023621998017613659e-05
2.692543231393604378e-05
-9.403969425449420789e-04
1.388918837914174460e-04
-1.673741725089760986e-04
6.067118231757116353e-04
-1.411916518907496438e-03
-2.665571299417253404e-03
1.106200177463378303e-03
7.539454038420770159e-03
-1.877468313994440450e-03
8.302028372442760151e-03
2.996715074562531552e-03
-2.677431666062446425e-02
-5.854157219919079932e-03
9.838521159857872844e-03
-1.491338376198879725e-02
3.068682613290119737e-03
-4.848916246052123458e-02
1.248071665710673295e-02
8.865059338658425742e-03
-1.887568933949015232e-02
-6.829897912995973666e-03
-1.435859369253803322e-02
1.745161287676864209e-02
-3.087699371119981967e-02
1.614520545754566036e-02
5.837715816176443362e-02
1.335108179311528948e-03
-2.770503622363679197e-02
2.690016499780660368e-03
3.405754914916749032e-02
1.276671017697062968e-02
3.282673000999082602e-02
9.883450914018933331e-02
7.745812085006328895e-02
6.110965491907275476e-02
1.361759609266191828e-01
1.471642264047502702e-01
1.932916360808433209e-01
2.199933255695891710e-01
2.104604332885401941e-01
3.079097383513670905e-01
3.199211724373617893e-01
3.054958014987644299e-01
3.204453918394258305e-01
3.424761405072959120e-01
4.234747471661413631e-01
3.905243059775792558e-01
5.489352501782445160e-01
5.735054905329176611e-01
5.982615740222426703e-01
5.452255747610785797e-01
5.279428570930734255e-01
6.048035291014071113e-01
6.973550543048691042e-01
6.834977490010507584e-01
6.925653755964333858e-01
7.015446707532515536e-01
7.514752738412923128e-01
8.434365390068597756e-01
8.076084539413429519e-01
8.520241842977387403e-01
8.652217008800947573e-01
8.475252159308267474e-01
8.972790383947171211e-01
8.736147083274148351e-01
8.905032448573354520e-01
8.922071989107672740e-01
9.169222236276407534e-01
9.442545430112094795e-01
9.521096692771069403e-01
9.698240868626999411e-01
9.661094167232933128e-01
9.821558942914517809e-01
9.494915640856469441e-01
9.936677669673803504e-01
9.542496542132508086e-01
9.793618496674131313e-01
9.755742368694603206e-01
9.641081786862759628e-01
9.802551143285797020e-01
9.506753380937810194e-01
9.724714357729704606e-01
9.795068032556161208e-01
9.789261722964406331e-01
9.749496433744573309e-01
9.731038356719601268e-01
9.625741241178972230e-01
9.729577321835150006e-01
9.829282272282895416e-01
9.773319484672857715e-01
9.760677314073783473e-01
9.772369259170392564e-01
9.709074260769263720e-01
9.590147658146408460e-01
9.605347562606534328e-01
9.592548445745453511e-01
9.674477490040580552e-01
9.618461267538783721e-01
9.489661728907583527e-01
9.354713212538049438e-01
9.377689473835910672e-01
9.401012701482669431e-01
9.135641941160879131e-01
9.051286828139538665e-01
8.672250361745597047e-01
8.584291722682142467e-01
8.105962170729391625e-01
7.442868922477801075e-01
7.376254211621240398e-01
6.235235776923968576e-01
5.197083816783992782e-01
3.706104822172688884e-01
2.334808671496652610e-01
1.360333717412793575e-01
5.604431073228247767e-02
1.237108090587797291e-02
-4.832222298475764670e-03
1.851633969058932806e-03
1.948436198507886782e-03
4.723416588284262588e-04
-7.239022752057376782e-03
4.372588215916547831e-03
2.700047302187077308e-02
7.948609369108267098e-02
1.856443269115345962e-01
3.498078618060401768e-01
4.407687596566323696e-01
5.926137733149337006e-01
7.033036899509016449e-01
7.372510261868594483e-01
8.069501747962609661e-01
8.402817298101539212e-01
8.801411918082997499e-01
8.924888491328518692e-01
9.184078724347063405e-01
8.977148228321409906e-01
9.408111880950371653e-01
9.420508120628390270e-01
9.457333961230551811e-01
9.593222612496982160e-01
9.712738004623119314e-01
9.610091471153113796e-01
9.578209714213514747e-01
9.614614171354061156e-01
9.884174249235773146e-01
9.803106059353076107e-01
9.786683116746373035e-01
9.877311960200149121e-01
9.784833214930170886e-01
9.545422725476815362e-01
9.744587163058148205e-01
9.800409888597160224e-01
9.792357488336979054e-01
9.687339235978225105e-01
9.939386968329146921e-01
9.859058930049225955e-01
9.867330438810364424e-01
1.001468878194638590e+00
9.768331902758008445e-01
9.825678222761560221e-01
9.711297019933112784e-01
9.691441060678912534e-01
9.702699581265774587e-01
9.616677410849504559e-01
9.705574595839854268e-01
9.709066924837422841e-01
9.477420565967724642e-01
9.378315854216942027e-01
9.356282841947886064e-01
9.524582300568031901e-01
8.939599464677066010e-01
9.321250364281702394e-01
9.262890658284425038e-01
8.941711388990066789e-01
8.767554504296736217e-01
8.449843097683602533e-01
7.971394078453901688e-01
8.100481525132480209e-01
8.183169463749855321e-01
7.673892189737864244e-01
7.308624206338061313e-01
7.423572413520778124e-01
7.757651786960678697e-01
6.767320578847229040e-01
5.862605937273952517e-01
5.874252464791658301e-01
5.343454208677430595e-01
4.454624808192836904e-01
4.721231713948048081e-01
4.539986898312330377e-01
3.916188086342982100e-01
5.080634302746389608e-01
3.027509113635849514e-01
3.793998254113860047e-01
4.327269776427724590e-01
2.762450266065142324e-01
2.617091189689013109e-01
2.947777354766544233e-01
2.298288123756419554e-01
1.475867127956163039e-01
1.795621434717459830e-01
1.468739962175678315e-01
9.363247782224819182e-02
1.058855634451627975e-01
1.328329594135810310e-01
1.160584943058556862e-01
5.155010976781466969e-02
6.011584806167181126e-03
1.806172737821344979e-02
3.611494751485601340e-02
2.953439825293391330e-04
2.543461392794399423e-02
-2.671931458857965125e-02
6.044998834499775917e-03
-1.439663544608280922e-02
1.305113811232419194e-02
2.639459640843390756e-02
1.226057516570997971e-02
-1.463120564517453228e-03
-2.399728977917022291e-02
1.795122886316655175e-03
-1.392060145482107957e-02
1.552586824823718945e-02
2.422393726382571222e-02
9.539324778185115372e-03
-6.131239601093877931e-03
6.876375870596942302e-03
-5.311646485844978343e-04
-4.684781453005794176e-03
1.672267613786562659e-03
-4.024994201752601225e-03
-4.050737368976080159e-03
1.099308583484955460e-03
-3.026101976347520851e-03
-2.331607707022425278e-04
8.047454114695042418e-04
6.620848517461410776e-05
1.090483177246614848e-04
7.190679070709358885e-06
1.407152392610979881e-05
1.024787364268470550e-05
6.979439505891017765e-06
4.345643532434668187e-07
