0.000000000000000000e+00
1.016949152542372947e-01
2.033898305084745894e-01
3.050847457627118842e-01
4.067796610169491789e-01
5.084745762711864181e-01
6.101694915254237683e-01
7.118644067796611186e-01
8.135593220338983578e-01
9.152542372881355970e-01
1.016949152542372836e+00
1.118644067796610297e+00
1.220338983050847537e+00
1.322033898305084776e+00
1.423728813559322237e+00
1.525423728813559476e+00
1.627118644067796716e+00
1.728813559322033955e+00
1.830508474576271194e+00
1.932203389830508655e+00
2.033898305084745672e+00
2.135593220338983134e+00
2.237288135593220595e+00
2.338983050847457612e+00
2.440677966101695073e+00
2.542372881355932535e+00
2.644067796610169552e+00
2.745762711864407013e+00
2.847457627118644474e+00
2.949152542372881491e+00
3.050847457627118953e+00
3.152542372881355970e+00
3.254237288135593431e+00
3.355932203389830892e+00
3.457627118644067910e+00
3.559322033898305371e+00
3.661016949152542388e+00
3.762711864406779849e+00
3.864406779661017310e+00
3.966101694915254328e+00
4.067796610169491345e+00
4.169491525423729250e+00
4.271186440677966267e+00
4.372881355932203284e+00
4.474576271186441190e+00
4.576271186440678207e+00
4.677966101694915224e+00
4.779661016949153129e+00
4.881355932203390147e+00
4.983050847457627164e+00
5.084745762711865069e+00
5.186440677966102086e+00
5.288135593220339103e+00
5.389830508474577009e+00
5.491525423728814026e+00
5.593220338983051043e+00
5.694915254237288949e+00
5.796610169491525966e+00
5.898305084745762983e+00
6.000000000000000000e+00
