4.475996091531531662e-01
3.997594020324873876e-01
3.531060848177308698e-01
3.078425948456757766e-01
2.642006668512864587e-01
2.224280110056181259e-01
1.827583901442133285e-01
1.453578958990454917e-01
1.102487740520439324e-01
7.721898491018888699e-02
4.581505375562552884e-02
1.547918272309667387e-02
3.283288299971603205e-03
3.064816327182168666e-03
1.202457223186412932e-02
7.266231041913306758e-03
0.000000000000000000e+00
4.979314714597351220e-03
9.588874152758219971e-03
1.312806910920487520e-02
1.559748174303008522e-02
1.275041273525755192e-02
9.793964942074994892e-03
6.742375270555291816e-03
3.614483119337232736e-03
0.000000000000000000e+00
2.651946942903004017e-03
5.954530347064973528e-03
9.061661256272654508e-03
1.201233002592469457e-02
1.470359080956082365e-02
1.700943438872765112e-02
1.878678612759870914e-02
1.988746774082816859e-02
2.017516462546492528e-02
1.954455689875456148e-02
1.791908022143762214e-02
1.523100422490314410e-02
1.167184386616840208e-02
7.372075469002786763e-03
2.503821127092270560e-03
1.343156294377756410e-03
0.000000000000000000e+00
5.776579956439764629e-03
1.229742031621006149e-02
1.792928979659502708e-02
2.257600071589260793e-02
2.614936016949132025e-02
2.857592093518368515e-02
2.980296950289007540e-02
2.980296950288741087e-02
2.857592093518213083e-02
2.614936016948354869e-02
2.257600071589749291e-02
1.792928979659524913e-02
1.229742031621361420e-02
5.776579956441096897e-03
0.000000000000000000e+00
1.343156294372871429e-03
2.503821127093793647e-03
7.372075468999864621e-03
1.167184386616833096e-02
1.523100422490116131e-02
1.791908022143030854e-02
1.954455689875100183e-02
2.017516462547851858e-02
1.988746774082592733e-02
1.878678612760049937e-02
1.700943438872129509e-02
1.470359080955426119e-02
1.201233002592975475e-02
9.061661256270739373e-03
5.954530347069911418e-03
2.651946942904292049e-03
0.000000000000000000e+00
3.614483119341720032e-03
6.742375270559917456e-03
9.793964942072051066e-03
1.275041273524969362e-02
1.559748174302387491e-02
1.312806910920708697e-02
9.588874152760674605e-03
4.979314714607262563e-03
0.000000000000000000e+00
7.266231041913701408e-03
1.202457223186733336e-02
3.064816327183031257e-03
3.283288299972049896e-03
1.547918272309756205e-02
4.581505375562983096e-02
7.721898491018401589e-02
1.102487740520375070e-01
1.453578958990371928e-01
1.827583901442164926e-01
2.224280110056169046e-01
2.642006668512850709e-01
3.078425948456833816e-01
3.531060848177252631e-01
3.997594020324821140e-01
4.475996091531516674e-01
