3.608200145071162046e-01
3.154870067463090844e-01
2.716523601845547975e-01
2.295836302440699694e-01
1.896495257364238796e-01
1.523473393443854906e-01
1.182950266534277262e-01
8.812523334561594979e-02
6.221231114368075410e-02
4.027070061582116445e-02
2.108971727031694332e-02
2.744789350449305942e-03
4.122002923533596430e-03
6.186892329651527689e-03
3.445994648374456522e-03
1.300144011583907267e-03
5.340435032939809881e-03
8.311707833596583897e-03
1.037213989061049231e-02
1.179320150940001838e-02
1.106058329271623376e-02
1.015059900608352404e-02
9.217575032539834096e-03
8.206331264681444165e-03
7.054054517557726417e-03
5.697915100027010557e-03
4.082370938668256934e-03
2.168817948652828134e-03
5.091755540839845213e-05
2.537768313759658587e-03
5.185631391119748142e-03
7.805682050194230268e-03
1.012070286796842335e-02
1.178068198804180233e-02
1.240679452209301863e-02
1.165988013377586806e-02
9.313092776995195859e-03
5.299945659937909358e-03
2.800326827241401799e-04
3.343931347821182953e-06
1.046928570217087184e-02
2.072495468050572498e-02
3.064312824983339567e-02
4.004856495784459014e-02
4.872772272132230853e-02
5.644594654259638133e-02
6.296747823984016890e-02
6.807529757562846839e-02
7.158900188108141549e-02
7.337949825902079226e-02
7.337949825902256862e-02
7.158900188108852092e-02
6.807529757563024475e-02
6.296747823982329351e-02
5.644594654259016409e-02
4.872772272132408489e-02
4.004856495784281378e-02
3.064312824982895478e-02
2.072495468050661316e-02
1.046928570216287824e-02
3.343931343380290855e-06
2.800326827179233646e-04
5.299945659942295606e-03
9.313092777003539879e-03
1.165988013377735298e-02
1.240679452209010429e-02
1.178068198804521974e-02
1.012070286795136408e-02
7.805682050200692113e-03
5.185631391084238352e-03
2.537768313755144403e-03
5.091755541589831902e-05
2.168817948650125435e-03
4.082370938666713897e-03
5.697915100042780928e-03
7.054054517565519662e-03
8.206331264674517414e-03
9.217575032542930577e-03
1.015059900607543329e-02
1.106058329270520266e-02
1.179320150940208617e-02
1.037213989061400859e-02
8.311707833597298603e-03
5.340435032944491900e-03
1.300144011566156709e-03
3.445994648377172231e-03
6.186892329664628321e-03
4.122002923510503791e-03
2.744789350449750032e-03
2.108971727031305754e-02
4.027070061581539129e-02
6.221231114368253046e-02
8.812523334565706967e-02
1.182950266534313344e-01
1.523473393443978141e-01
1.896495257364233245e-01
2.295836302440752985e-01
2.716523601845588498e-01
3.154870067462925975e-01
3.608200145071379650e-01
