-4.000000000000000000e+00
-3.967871485943775145e+00
-3.935742971887550290e+00
-3.903614457831325435e+00
-3.871485943775100580e+00
-3.839357429718875281e+00
-3.807228915662650426e+00
-3.775100401606425571e+00
-3.742971887550200716e+00
-3.710843373493975861e+00
-3.678714859437751006e+00
-3.646586345381526151e+00
-3.614457831325301296e+00
-3.582329317269076441e+00
-3.550200803212851586e+00
-3.518072289156626731e+00
-3.485943775100401432e+00
-3.453815261044177021e+00
-3.421686746987951722e+00
-3.389558232931726867e+00
-3.357429718875502012e+00
-3.325301204819277157e+00
-3.293172690763052302e+00
-3.261044176706827447e+00
-3.228915662650602592e+00
-3.196787148594377737e+00
-3.164658634538152882e+00
-3.132530120481927582e+00
-3.100401606425703172e+00
-3.068273092369477872e+00
-3.036144578313253017e+00
-3.004016064257028162e+00
-2.971887550200803307e+00
-2.939759036144578452e+00
-2.907630522088353597e+00
-2.875502008032128742e+00
-2.843373493975903443e+00
-2.811244979919679032e+00
-2.779116465863453733e+00
-2.746987951807229322e+00
-2.714859437751004023e+00
-2.682730923694779168e+00
-2.650602409638554313e+00
-2.618473895582329458e+00
-2.586345381526104603e+00
-2.554216867469879748e+00
-2.522088353413654893e+00
-2.489959839357429594e+00
-2.457831325301205183e+00
-2.425702811244979884e+00
-2.393574297188755473e+00
-2.361445783132530174e+00
-2.329317269076305319e+00
-2.297188755020080464e+00
-2.265060240963855609e+00
-2.232931726907630754e+00
-2.200803212851405899e+00
-2.168674698795181044e+00
-2.136546184738955745e+00
-2.104417670682731334e+00
-2.072289156626506035e+00
-2.040160642570281624e+00
-2.008032128514056325e+00
-1.975903614457831470e+00
-1.943775100401606615e+00
-1.911646586345381760e+00
-1.879518072289156905e+00
-1.847389558232932050e+00
-1.815261044176707195e+00
-1.783132530120482340e+00
-1.751004016064257041e+00
-1.718875502008032186e+00
-1.686746987951807331e+00
-1.654618473895582476e+00
-1.622489959839357621e+00
-1.590361445783132766e+00
-1.558232931726907911e+00
-1.526104417670683056e+00
-1.493975903614458201e+00
-1.461847389558233345e+00
-1.429718875502008046e+00
-1.397590361445783191e+00
-1.365461847389558336e+00
-1.333333333333333481e+00
-1.301204819277108626e+00
-1.269076305220883771e+00
-1.236947791164658916e+00
-1.204819277108434061e+00
-1.172690763052209206e+00
-1.140562248995984351e+00
-1.108433734939759496e+00
-1.076305220883534197e+00
-1.044176706827309342e+00
-1.012048192771084487e+00
-9.799196787148596322e-01
-9.477911646586347771e-01
-9.156626506024099221e-01
-8.835341365461850671e-01
-8.514056224899602121e-01
-8.192771084337353571e-01
-7.871485943775105021e-01
-7.550200803212856471e-01
-7.228915662650603480e-01
-6.907630522088354930e-01
-6.586345381526106380e-01
-6.265060240963857829e-01
-5.943775100401609279e-01
-5.622489959839360729e-01
-5.301204819277112179e-01
-4.979919678714863629e-01
-4.658634538152615079e-01
-4.337349397590366529e-01
-4.016064257028117979e-01
-3.694779116465864988e-01
-3.373493975903616438e-01
-3.052208835341367887e-01
-2.730923694779119337e-01
-2.409638554216870787e-01
-2.088353413654622237e-01
-1.767068273092373687e-01
-1.445783132530125137e-01
-1.124497991967876587e-01
-8.032128514056280366e-02
-4.819277108433750456e-02
-1.606425702811264955e-02
1.606425702811176137e-02
4.819277108433706047e-02
8.032128514056147139e-02
1.124497991967867705e-01
1.445783132530120696e-01
1.767068273092364805e-01
2.088353413654617796e-01
2.409638554216861905e-01
2.730923694779114896e-01
3.052208835341359006e-01
3.373493975903611997e-01
3.694779116465856106e-01
4.016064257028109097e-01
4.337349397590353206e-01
4.658634538152606197e-01
4.979919678714859188e-01
5.301204819277103297e-01
5.622489959839356288e-01
5.943775100401600398e-01
6.265060240963853389e-01
6.586345381526097498e-01
6.907630522088350489e-01
7.228915662650594598e-01
7.550200803212847589e-01
7.871485943775091698e-01
8.192771084337344689e-01
8.514056224899597680e-01
8.835341365461841789e-01
9.156626506024094780e-01
9.477911646586338890e-01
9.799196787148591881e-01
1.012048192771083599e+00
1.044176706827308898e+00
1.076305220883533309e+00
1.108433734939758608e+00
1.140562248995983907e+00
1.172690763052208318e+00
1.204819277108433617e+00
1.236947791164658028e+00
1.269076305220883327e+00
1.301204819277107738e+00
1.333333333333333037e+00
1.365461847389557448e+00
1.397590361445782747e+00
1.429718875502007158e+00
1.461847389558232457e+00
1.493975903614457756e+00
1.526104417670682167e+00
1.558232931726907466e+00
1.590361445783131877e+00
1.622489959839357176e+00
1.654618473895581587e+00
1.686746987951806886e+00
1.718875502008031297e+00
1.751004016064256597e+00
1.783132530120481007e+00
1.815261044176706307e+00
1.847389558232931606e+00
1.879518072289156017e+00
1.911646586345381316e+00
1.943775100401605727e+00
1.975903614457831026e+00
2.008032128514055437e+00
2.040160642570280736e+00
2.072289156626505147e+00
2.104417670682730446e+00
2.136546184738954857e+00
2.168674698795180156e+00
2.200803212851405455e+00
2.232931726907629866e+00
2.265060240963855165e+00
2.297188755020079576e+00
2.329317269076304875e+00
2.361445783132529286e+00
2.393574297188754585e+00
2.425702811244978996e+00
2.457831325301204295e+00
2.489959839357428706e+00
2.522088353413654005e+00
2.554216867469879304e+00
2.586345381526103715e+00
2.618473895582329014e+00
2.650602409638553425e+00
2.682730923694778724e+00
2.714859437751003135e+00
2.746987951807228434e+00
2.779116465863452845e+00
2.811244979919678144e+00
2.843373493975902555e+00
2.875502008032127854e+00
2.907630522088353153e+00
2.939759036144577564e+00
2.971887550200802863e+00
3.004016064257027274e+00
3.036144578313252573e+00
3.068273092369476984e+00
3.100401606425702283e+00
3.132530120481926694e+00
3.164658634538151993e+00
3.196787148594376404e+00
3.228915662650601703e+00
3.261044176706827002e+00
3.293172690763051413e+00
3.325301204819276712e+00
3.357429718875501123e+00
3.389558232931726423e+00
3.421686746987950833e+00
3.453815261044176133e+00
3.485943775100400543e+00
3.518072289156625843e+00
3.550200803212851142e+00
3.582329317269075553e+00
3.614457831325300852e+00
3.646586345381525263e+00
3.678714859437750562e+00
3.710843373493974973e+00
3.742971887550200272e+00
3.775100401606424683e+00
3.807228915662649982e+00
3.839357429718874393e+00
3.871485943775099692e+00
3.903614457831324991e+00
3.935742971887549402e+00
3.967871485943774701e+00
