2.500000000000000000e+01
3.700000000000000000e+01
5.000000000000000000e+01
6.200000000000000000e+01
7.500000000000000000e+01
8.700000000000000000e+01
1.000000000000000000e+02
1.120000000000000000e+02
1.250000000000000000e+02
1.370000000000000000e+02
1.500000000000000000e+02
1.620000000000000000e+02
1.750000000000000000e+02
1.870000000000000000e+02
2.000000000000000000e+02
2.120000000000000000e+02
2.250000000000000000e+02
2.370000000000000000e+02
2.500000000000000000e+02
2.620000000000000000e+02
2.750000000000000000e+02
2.870000000000000000e+02
3.000000000000000000e+02
3.120000000000000000e+02
3.250000000000000000e+02
3.370000000000000000e+02
3.500000000000000000e+02
