1.489564353594460933e+00 2.013712162599550215e+00 2.617100096017528355e+00 1.225853444985654184e+00 1.522319193251488345e+00 1.443564236242678378e+00 1.770169232646009005e+00 1.638575055354653864e+00 1.362478028905360850e+00 1.419749795331947562e+00 2.065470506882126855e+00 1.769072997099942368e+00 4.219106660100050976e-01 6.700469078701595249e-01 2.283872163612959305e+00 9.565116678283357432e-01 1.496989529768494531e+00 1.247999682721815162e+00 8.782067728789200167e-01 6.948648863472646209e-01
1.808613467018930221e+00 8.028838079883050538e-01 1.759020740538054683e+00 7.922697320297513723e-01 2.046870213108222369e+00 1.791937594344606088e+00 1.710111401563705114e+00 4.161164636088762192e-01 1.537698228316851656e+00 2.122903394446784997e+00 9.488149748457229693e-01 9.463614249827244640e-01 1.754543766179379238e+00 2.059790393323756685e+00 7.558973299530867829e-01 1.169160226672414371e+00 1.176645307016026543e+00 7.787572350818563471e-01 6.308407008308879460e-01 1.899203650373975094e+00
8.848996881093531552e-01 7.224972290324030988e-01 1.421925517346923851e+00 7.802353650582065647e-01 1.692189067795491164e+00 1.110178825866073637e+00 6.251463523469773520e-01 6.858387122286678794e-01 9.559028364350263818e-01 1.962354907874716559e-01 7.705611595525576618e-01 1.292067401551515449e+00 2.041950031075133065e+00 9.866957267865220649e-01 1.435129331715144341e+00 1.751841533759712632e+00 1.007087306832768148e+00 9.232078909476846285e-01 1.448516514430589597e+00 1.169403472794561027e+00
1.122137830487216714e+00 1.446275856682819771e+00 1.363159594509407935e+00 1.268252055687898228e+00 9.308681784457444319e-01 9.661370687986556849e-01 5.748063081253275142e-01 1.051538038396214514e+00 8.053174377234592063e-01 7.772528200335010462e-01 9.469776260575718529e-01 9.582344482411206954e-01 1.526031012782366858e+00 7.778674440019345271e-01 9.823987143974479697e-01 6.943444525521976773e-01 2.218117309150835936e+00 1.407874573085778236e+00 8.118623447809150129e-01 1.295251342375399739e+00
4.393013726501264204e-01 1.106549438381122963e+00 1.329032186756446299e+00 1.245253188854840376e+00 1.159709550873121886e+00 5.940821770168691618e-01 6.176673801664674945e-01 1.055489541828420252e+00 9.537465901056607631e-01 1.450113316474052505e+00 7.998442262886795717e-01 5.251650482976881751e-01 8.840027384496338403e-01 1.121978398687059286e+00 1.160696008830031767e+00 1.008072135762027033e+00 7.399196689461703391e-01 1.179870306193342211e+00 6.951234202577121213e-01 1.295367228607070098e+00
7.047164618850951801e-01 4.473231349815370850e-01 1.172805133299163582e+00 5.757478458241136465e-01 2.216317754245606675e-01 5.045005572800547178e-01 7.609727977725606607e-01 1.089118474052900298e+00 8.804802539502293302e-01 9.285138511028125929e-01 1.092534270782286931e+00 1.008233518231828718e+00 8.575240472555550886e-01 4.015863259670568453e-01 1.168284452175942789e+00 7.534618100613398317e-01 8.934529345472317363e-01 1.190770525565425064e+00 2.791333215992675698e-01 1.232970924668667534e+00
3.548455846591140328e-01 7.363563929112478812e-01 4.333781714715947420e-01 5.300648026151206782e-01 4.940981166731180929e-01 9.273555294291369044e-01 6.106852768476629389e-01 8.532524985692510056e-01 8.416924143596107299e-01 3.414386471065848361e-01 6.369971894032518955e-01 9.679813133662115154e-01 7.701302334403884453e-01 1.236255351161462679e+00 9.863773734015385264e-01 9.782037120467995672e-01 1.076728707499193138e+00 9.829121689331388190e-01 5.424627985172754130e-01 7.691876275558262588e-01
1.208073196282592798e+00 5.502153752637358730e-01 7.676252821122038217e-01 3.765769044526650622e-01 1.140195193108523686e+00 1.038720036133290670e+00 1.187757419711789053e+00 9.239833993548146607e-01 7.184227323521994446e-01 7.327171158015770569e-01 5.464602365295065933e-01 8.891062865492372902e-01 1.605194732617387432e+00 8.396542657208047045e-01 6.440300510403287326e-01 9.776789546128086261e-01 8.050279882863287106e-01 1.124681492092284518e+00 4.058023228965391138e-01 9.053242419225028259e-01
5.498105489583903216e-01 5.010286050960574000e-01 1.306199567392273941e+00 8.467659751004281699e-01 1.172820423531297784e+00 2.672450254085034782e-01 4.567947162069874167e-01 8.081771125927792454e-01 4.635136986955113447e-01 5.929483851081162049e-01 5.425641556657244680e-01 1.530533354076450414e-01 3.044496075566566762e-01 2.472005373986639887e-01 7.768975873277890187e-01 1.049251721824155936e+00 1.019265816801404378e+00 2.367115614582716299e-01 1.009406441603350357e+00 8.980668054214169249e-01
1.110486565081381993e+00 9.431239659497668848e-01 8.885648927488640769e-01 7.299952150478523638e-01 9.987809965948334368e-01 4.530549211850488089e-01 3.281102089166727520e-01 1.048797885785995643e+00 7.992800231978898218e-01 1.167296618117824369e+00 2.969149014217756233e-01 2.627253339349033268e-01 6.745653365085431119e-01 7.587202965576680391e-01 1.126231979902234670e+00 2.321920230426001985e-01 1.012496902207794758e+00 6.292160003607052410e-01 3.722184795656349188e-01 9.501312822604200958e-01
8.943617547579044702e-01 5.945626421872504119e-01 2.014904940990905891e-01 2.158854787925771901e-01 4.374191226972044544e-01 7.789795534477726990e-01 1.454439607442788551e+00 9.999988474265514293e-01 7.482443760906547503e-01 5.230971601145107952e-01 5.730894457440828260e-01 2.356358950659925011e-01 1.291865869461009231e+00 8.663738878317561731e-01 3.675130968018452404e-01 3.543906478504462165e-01 1.086275692070809429e+00 2.116984874836517205e-01 6.156089371814110756e-01 2.291955448448875221e-01
1.029612032217855244e+00 8.088174804978081056e-01 8.814996052686205896e-01 2.999819581738353835e-01 9.610784312703372079e-01 1.108414684119525706e+00 1.816386159715770998e-01 2.556600206759144789e-01 1.088352749341825187e-01 1.003842553403476723e+00 4.937019553000532301e-01 6.779695683701106868e-01 6.218767988196013397e-01 1.613515783914062363e-01 6.970983181768655168e-01 8.078428892272737638e-01 1.022963349449076853e+00 8.725596657458670746e-01 9.696912017969475661e-01 8.968009482753793726e-01
2.711246166479888142e-01 9.058090656573865029e-01 6.695835233179769919e-01 9.905991420427231464e-01 6.930725306373233252e-01 4.044604131156597226e-01 8.841168682369824339e-01 9.507709134963502340e-01 1.731112871922374508e-01 8.879867346868148825e-01 2.026599172057677312e-01 1.956880617372509235e-01 9.697891768657725953e-01 1.456936619661877708e-01 8.914212500951737006e-01 7.081230901734911765e-01 2.470849282416422710e-01 3.928192882428217791e-02 2.041986981562764480e-01 8.782833002616559359e-02
1.067771050630232782e-01 8.478594824192676738e-01 8.893732431290184426e-01 3.757090094808621106e-01 7.979847383872635813e-01 5.225555742629459655e-01 6.897833516418805377e-01 6.231357570558042624e-01 9.019451536725082708e-01 7.363465316476569544e-01 1.290024908848505514e-01 9.593481794059923740e-01 3.835826763605865719e-01 7.667481473904163014e-01 5.107362008832558864e-01 4.230633619081102803e-01 8.765819435236869017e-01 8.424515794477853425e-02 6.483063465443529294e-01 8.982588306569982972e-01
6.712863224058649436e-01 8.802409014720442848e-02 3.986171500911137033e-01 9.970878083124894431e-01 9.634040841584584625e-01 9.605603003083452995e-02 1.136837879923385364e+00 1.369095292077911474e-01 9.109841409824378511e-01 8.097546839821955222e-01 9.132513582854497880e-01 7.164397378689579821e-01 7.633873915661953946e-01 8.769027877072810284e-01 1.221805531565112179e+00 9.613000141479683958e-01 1.037246455715702398e+00 7.363954923947748643e-01 5.133226060668005797e-01 9.667957177890471598e-01
9.886541583538467348e-01 1.918968865201072238e-01 4.065314390538876110e-01 1.615883413825094650e-01 1.874467713849525125e-02 1.302381367779874288e-01 5.524943742434389460e-01 1.759150409802429371e-01 2.355845463374053872e-02 5.869568628076577976e-01 1.866576118765763889e-02 3.272363502948536507e-01 2.168814738712541157e-01 2.888607665186183615e-01 7.355449404007734504e-01 2.310418911599520786e-01 7.077030308419853810e-01 4.176586195480435082e-01 6.973605527537239945e-01 4.531851546476825532e-01
7.586822230434727699e-01 4.937469964657552057e-01 9.976101109100952158e-01 5.405673011750230517e-01 4.002461912395240407e-01 7.040251850629601904e-01 8.812895932489502870e-01 1.211461350975783224e-01 6.214100129728591382e-01 2.990044630836842243e-01 5.857557681042920850e-01 7.351252793149670728e-01 8.696137746513927791e-01 4.176725748130015181e-01 1.178542296940941814e+00 3.107713971219911442e-01 9.512662979648289774e-01 1.634883533001366684e-01 4.587449633634350654e-01 4.955010888667200075e-01
3.537738694633519310e-01 8.812814094592607006e-01 8.340517321134253148e-01 5.632072216663196462e-01 2.559332295830019088e-01 4.710065954181070214e-01 1.834932908857208333e-01 3.535671080301570623e-01 8.989187009732080291e-01 8.903530817222972404e-02 8.772843342491574159e-01 2.552862773214879533e-01 2.114989467013826674e-01 8.864005574084332650e-01 8.904738868059631773e-01 8.153807868618612176e-01 3.353053021645473475e-01 9.301968585981941207e-01 4.851729287822341141e-01 5.911292056676725054e-02
7.557537583628979316e-01 6.781829485126534829e-01 4.185608592420580476e-01 9.042177588195374760e-01 2.191402789500271620e-01 1.097616702597257049e-01 7.877183356713468587e-02 2.655090255945878885e-01 8.373490340857245862e-01 7.540440230597724725e-01 1.112682494143512502e+00 3.595426002966147228e-01 1.732502444536739017e-01 6.818912957169855904e-01 1.874628214850903585e-01 1.927470787176416012e-01 8.171939562552245351e-02 3.608207971065752195e-01 6.367948531682967594e-01 3.447705543397705519e-01
2.286404926343243715e-01 7.828450830405098149e-01 1.011929950257431376e-01 4.931611897487716001e-01 2.098471007632231322e-01 7.274364026445706566e-01 1.052045412536653929e-01 6.046945050561066681e-01 9.882250779550325603e-01 5.249744368635431702e-01 8.871389032423062648e-01 3.847654461207937193e-01 9.836470554914359399e-01 8.273510944888508023e-01 2.449360713565100212e-01 2.405712865591150273e-01 4.810862433341295957e-02 4.613397501167808556e-01 4.872235212353610567e-01 3.031860794728465369e-01
6.591468694455221433e-01 3.860679352095828798e-01 2.758077450437342315e-01 1.629402234184475773e-01 4.653065971202590689e-01 4.061131213546252672e-02 3.789392613324293335e-01 8.109769373504357448e-01 7.290440056900679422e-02 6.273819392312618426e-02 5.587830327846493236e-03 6.347554866617854778e-03 5.172677580543202369e-01 7.864502576118580501e-01 9.636418308280888523e-01 8.444675384150485131e-01 2.678631109833604640e-01 8.806768897884409419e-01 3.103723416016507253e-01 2.797311544489488044e-01
8.509695617809486246e-01 9.047140267543185566e-01 6.634497007203357111e-01 4.040755490917432025e-01 5.775543143550579406e-02 5.356568930831208109e-01 5.482357994556664726e-01 5.070038966104529754e-01 6.243989412141232043e-01 8.184731670231401024e-01 5.749689654263239191e-01 6.769840108586082650e-01 5.265952004628565719e-01 5.954808210817409686e-02 3.736453139970682402e-01 3.137768426473687144e-01 9.699923852599435792e-01 9.476759511818745596e-02 6.449330048507551094e-01 4.736665582594609680e-02
1.101425226103956989e-01 1.117357732289828265e+00 5.061151092593924039e-01 7.333596369737339915e-02 4.917515051284063188e-01 5.272300098515733668e-02 2.156488510260270650e-02 9.134577846616671604e-01 1.405393507973742157e-02 4.793128111847514972e-01 5.078319654308640629e-01 6.253263820401952500e-02 8.923897263186166828e-01 5.312892584110713301e-01 4.060186204395579979e-02 8.330641332244230757e-01 2.470523712312977793e-01 2.179117724208524606e-02 3.687925681088877194e-01 5.854390986356646787e-01
1.329289867247498147e-01 7.089532650186693985e-01 1.515971361249084659e-01 1.777164337981964326e-01 8.372807070704436916e-02 2.226491937908289531e-01 6.705081791523449519e-01 1.121821690738674521e-01 7.914619409148272028e-03 3.593636165033787799e-01 7.213292178461856441e-01 6.590488379654060869e-02 4.901638745459303004e-01 3.463902484194054665e-01 1.587696764874390321e-01 1.582547969442253677e-01 3.969469550054174900e-01 6.172488342987300092e-01 3.226096991580708062e-01 4.918500308759168327e-01
8.426525024665466879e-02 1.325054168920936082e-01 7.495410571042643300e-02 3.845841685630488893e-01 4.425819827768380788e-01 1.501907497429816052e-01 3.472359361793954102e-01 3.563673243934955548e-01 7.768922007768404026e-01 3.146116318350217766e-01 3.810950963919202406e-01 9.452779993044911899e-01 1.014153663673388328e+00 3.341345579822276868e-01 6.060026412008823193e-01 9.394900423533006917e-01 4.063817414648746018e-02 8.982786395654238643e-01 2.829662769719918369e-01 7.506134972248011961e-01
8.139740429159123547e-01 9.558896217462041489e-02 1.155474370061581324e-01 2.900120831759286921e-01 5.433088422583134403e-01 7.602699570932752726e-01 1.794341237871501238e-01 1.660211415598695020e-02 6.717116319479989883e-01 2.966556922651130135e-01 1.377588381159856046e-01 5.409230692420501363e-01 6.729381661824829219e-01 7.030307019217703068e-01 7.692713880091898125e-03 1.923519240165657840e-01 1.123213441556207975e-01 7.949201782924379955e-01 3.777829379028541535e-03 7.487594855330481636e-02
7.362676192249045792e-01 4.843359698818176517e-01 2.932523194151814283e-01 9.993998527800018739e-02 3.808315184243917240e-01 1.658038610087312140e-02 5.602153562597347314e-01 7.588368898285102748e-01 8.149051834322421639e-01 3.022163780690668711e-01 6.996945105881260396e-01 7.158769017048767502e-02 6.774384684174687976e-01 7.651822595773994928e-01 1.024752966939182608e+00 5.286417731199625353e-02 5.961230386471311898e-02 3.740077659438665880e-01 3.551241148144846371e-01 6.610798175606494853e-01
