1.412501373168671082e+00 1.778383136755171456e+00 2.043956040986487643e+00 1.786961678647912555e+00 1.650369586337024019e+00 2.286124542751758248e+00 2.146232337429135661e+00 1.687773062973321858e+00 1.818997937261797260e+00 2.148351981567758529e+00 1.875050985776488099e+00 2.517989500679462367e+00 2.822278967368427427e+00 1.654868001444609105e+00 2.744855809697886784e+00 2.290704260652155266e+00 2.152267602513571632e+00 1.947651076392943770e+00 1.685284638120228884e+00 2.230121409040912717e+00
1.491111057820315056e+00 1.923508862319448953e+00 1.879251739892119799e+00 1.257053394878295594e+00 1.715814223006802530e+00 1.394404932807036701e+00 2.010062994136200487e+00 1.753607711873535147e+00 1.461783678466874514e+00 1.300116895544139339e+00 1.704140286356711220e+00 1.408263871979961168e+00 1.479922770025419387e+00 1.500396871006116850e+00 1.295711355192819214e+00 1.550083442587572469e+00 2.556514421428584427e+00 1.234992887794706062e+00 1.375397034951676867e+00 1.928207813392355474e+00
1.387560326099531505e+00 1.483522355785158675e+00 1.304695308976473012e+00 1.219714084818817712e+00 1.077529676499877409e+00 1.972224145220849323e+00 1.842070407336992011e+00 1.997682764305945824e+00 1.388236213556878873e+00 1.100438924250690009e+00 1.519510074822188361e+00 2.486739865388380100e+00 1.775319471908096913e+00 1.652531230981298727e+00 1.169678321240372743e+00 2.129161676263786607e+00 1.169439004237900814e+00 2.025219351195502338e+00 1.581354686814597565e+00 1.130313302305230749e+00
1.452935250616257612e+00 2.072901845523090536e+00 2.078692255166542324e+00 1.165531351268447535e+00 1.105134433089342672e+00 1.239269096054412822e+00 1.426740677442810634e+00 1.512678733984978097e+00 1.690274309850141154e+00 1.319687053154486422e+00 1.435374913039104916e+00 1.037219366107391627e+00 1.138228044741738332e+00 1.243593467672794217e+00 1.638524993276853525e+00 1.768309404906863058e+00 1.437334239283798443e+00 1.749590145914426742e+00 1.316523941482603766e+00 1.261918328460295280e+00
1.263577386084371312e+00 1.090762251671955729e+00 1.473369346685752257e+00 1.362545902569018086e+00 1.721380305976617064e+00 1.050229985204807814e+00 1.458583695941730207e+00 1.029763659313061241e+00 1.242032636458985317e+00 1.017867900361554501e+00 1.052439228306671470e+00 1.075557862905921924e+00 1.337948827072828140e+00 1.083887773600453075e+00 1.700945713983484486e+00 1.057568630072648119e+00 1.135423017715098348e+00 1.330147015829048485e+00 1.053221321390569676e+00 1.461428390482173212e+00
1.228096130207414038e+00 1.231225397094224627e+00 1.070964342227648691e+00 1.717125585796606790e+00 1.244943062988803417e+00 1.058304312870800068e+00 1.108997579061331118e+00 1.042384484686449619e+00 1.385036576488088311e+00 1.301312920993008104e+00 1.052561831327054831e+00 1.086322972542653087e+00 1.042621753770059057e+00 1.042105036532478879e+00 1.081327757390005972e+00 1.184855330619376979e+00 1.394802230334105442e+00 1.544366984433136691e+00 1.518604805929212986e+00 1.025005277150992544e+00
1.094556337699437165e+00 1.191394368780188895e+00 1.158728947544181764e+00 1.065688159240456789e+00 1.196498131906809759e+00 7.914172039247161505e-01 1.015671524016050764e+00 1.019968891850011605e+00 1.830457430913700279e+00 1.075459057399651419e+00 1.157346414632411280e+00 1.116230871784834378e+00 1.026081711063822732e+00 1.021469760105128799e+00 1.239280954783876343e+00 1.122340919615647081e+00 1.026044360554213775e+00 1.563379096004824387e+00 1.051637487437192986e+00 1.033693358198415568e+00
1.147923440302110576e+00 1.025907770098994032e+00 1.295592217572332450e+00 1.008593167598200058e+00 1.258387094439888276e+00 1.093088485506054086e+00 1.134860014155946395e+00 1.121112846629264137e+00 1.029163597414789244e+00 1.306673456007309442e+00 1.668771206213184977e+00 1.150284060969940514e+00 1.017881417650227549e+00 1.147920999829412203e+00 1.026297311684424507e+00 1.023150434886171523e+00 1.458699537086971976e+00 1.180894602042905417e+00 1.022099076867104994e+00 1.386179160282308809e+00
1.058511530980917437e+00 1.198959356688336753e+00 1.102611820027306511e+00 1.414107041513033458e+00 1.274452298674923378e+00 9.278037143050361646e-01 9.975365868306336203e-01 1.012301133388021857e+00 1.051661207112299490e+00 1.459897688932989102e+00 1.005955227432644872e+00 1.006682825503960821e+00 1.132120587663338229e+00 1.033387198200668378e+00 1.012616254454241416e+00 1.350212885963659293e+00 1.069269207792246767e+00 1.144901887048805023e+00 1.229229134973250925e+00 1.024256000041642745e+00
1.418731912201847134e+00 1.044048610791548093e+00 1.478424937925773008e+00 1.013264982963300920e+00 1.178236519505937663e+00 1.713276899146110921e+00 1.068487457939377494e+00 1.035293603187302791e+00 1.101583916332921298e+00 1.028775123818596260e+00 1.339795878856085753e+00 1.028957211275443706e+00 1.282008435309941019e+00 1.010096860928522799e+00 1.089305371284800206e+00 1.004919827296349544e+00 1.382139795695976892e+00 1.213670017977424243e+00 1.210779686590799598e+00 1.179106310993393691e+00
1.076594970193460510e+00 1.066237087873064704e+00 7.160066361001637958e-01 1.092884788873836222e+00 1.405293413701849348e+00 1.075240760153192365e+00 1.153227867898370951e+00 1.205511644175281560e+00 1.007341582665509216e+00 1.085295351974912448e+00 1.193961517759771107e+00 9.875075529349227610e-01 1.030343614401807661e+00 1.058703597261819063e+00 1.231107811783270556e+00 8.011849377142443718e-01 1.000952422715718271e+00 1.083072777244408424e+00 1.013318615196403538e+00 1.250828319044567261e+00
1.176673195491307444e+00 1.263218836738296380e+00 1.258111756395215108e+00 1.045576227539605219e+00 1.000828863929696277e+00 1.581222465614575023e+00 1.571709792402247841e+00 9.866424205710471185e-01 1.032158973535835633e+00 1.639704645836949970e+00 1.105791170668519063e+00 1.018330422413056491e+00 1.032761353640709201e+00 9.180510765538658635e-01 1.074395988322193407e+00 9.819621782891936324e-01 1.161036732691491880e+00 1.003242408111325146e+00 1.096364527674847267e+00 1.126903473399811562e+00
1.023080574573879575e+00 1.180359396164264441e+00 1.015975310860858905e+00 1.227798451399643165e+00 1.013430887079133313e+00 1.133792823506941883e+00 1.068558041269857206e+00 1.097966893213950135e+00 1.029360038352490125e+00 1.035382030032031775e+00 1.002442451938129864e+00 1.050366899359949313e+00 1.120857229162917745e+00 1.005923988509805689e+00 1.042816197464572436e+00 1.041638474261876501e+00 1.044602862705694690e+00 1.107665337091146007e+00 1.075540715153446625e+00 1.087317628088763088e+00
9.466896241079801877e-01 1.001213747964892375e+00 1.073617419721538901e+00 1.003020088261353804e+00 1.002090394602626722e+00 1.011505578459388044e+00 9.996984277322557011e-01 9.996121517358496078e-01 1.006265673907989155e+00 1.005843541826264342e+00 1.060727728923908986e+00 1.009027408363011746e+00 1.018769870750920070e+00 1.134990102670119683e+00 1.054277324371146962e+00 1.078606606509808108e+00 1.208145754888360957e+00 1.030826543274286911e+00 7.180648543753996860e-01 1.199506002022678208e+00
1.051858640810904744e+00 1.044824469631692843e+00 1.004094587244269032e+00 1.106825849249631677e+00 1.152600928807955283e+00 9.682649501677960124e-01 1.000082834568754020e+00 1.009270118189575793e+00 1.001530211732416298e+00 1.001191735005990457e+00 1.037591139598966317e+00 1.000308356298149182e+00 4.842215095106250922e-01 1.160478985966254539e+00 1.104704695544512560e+00 1.066849746632042129e+00 9.961164223562886111e-01 1.037506799368547838e+00 1.016355343735195094e+00 1.009391817480533859e+00
1.001648735028309423e+00 1.046334658545618579e+00 1.000947573558361725e+00 1.017727391135478721e+00 1.004896094872865353e+00 9.870792117019651091e-01 1.009056151250818933e+00 9.937560900580143519e-01 9.998568893598736018e-01 1.014099995022473832e+00 1.008220809546190200e+00 1.003061791578794271e+00 9.940463545649322885e-01 1.032711187821534482e+00 9.870208226957440933e-01 1.203395055413141623e+00 9.411147273253163137e-01 1.020338705685087000e+00 1.236867892196917840e+00 9.989918216817923469e-01
1.048085491933258950e+00 6.610995648481802212e-01 1.099407778118604684e+00 1.007574122837176400e+00 1.011183093151657886e+00 9.933842974628896982e-01 1.086490518636682889e+00 1.005515206152473251e+00 1.020151102111858776e+00 1.017668962725405635e+00 9.927328756298029466e-01 1.118510996314877382e+00 9.996753254173209591e-01 1.048960914374539088e+00 1.007202780340009651e+00 1.047767395844403815e+00 9.940434396656474547e-01 1.013903353068006385e+00 9.451365878204883719e-01 1.012073228032717376e+00
1.003061673878892446e+00 9.116745060444212401e-01 9.942438712491826758e-01 1.000907152997561278e+00 1.005401674147873736e+00 9.015569506964392632e-01 9.994944554261323555e-01 1.096699216650411701e+00 1.010580270164102012e+00 9.955674896422370690e-01 8.408944997853131653e-01 1.151506457057812405e+00 1.005820740135623392e+00 1.007722126525744111e+00 1.008297410305057484e+00 1.009424685839842573e+00 1.014492996407221348e+00 1.057983850441394535e+00 1.009329987458787103e+00 9.823539797635578719e-01
1.047856248311404670e+00 1.000235673425002192e+00 8.353804964527259402e-01 9.785534123346492086e-01 1.015969161983850899e+00 1.004006164774653431e+00 9.782375348801511938e-01 9.215904805024012214e-01 9.622622522311348181e-01 1.000012989731556390e+00 1.002776934128333020e+00 1.101586560909211476e+00 1.004125208583079631e+00 9.405507380572852849e-01 9.998680877280596846e-01 1.000067210830521081e+00 1.029200521865314855e+00 1.008697166472902751e+00 9.158912376241978848e-01 1.001052486156614574e+00
8.520957238210765672e-01 9.646354140123118981e-01 1.027056499981311877e+00 9.922436477206124650e-01 1.000114945720283588e+00 9.898413694839744981e-01 1.002872928712783329e+00 1.024280470983619296e+00 1.008444898601190687e+00 1.002154937645356902e+00 1.001838610621061720e+00 1.004697565607557852e+00 1.090530775284027420e+00 1.045475059210922764e+00 9.999374191076552121e-01 1.000459144980818671e+00 1.100044939083619111e+00 9.515275584939782982e-01 9.035722661067033812e-01 9.963807900448552468e-01
9.997949292483472306e-01 1.026960537279448804e+00 9.901699423097949371e-01 1.006561683713581346e+00 9.965351080814218721e-01 1.002345029461363834e+00 1.021261527399636382e+00 9.757608399825512535e-01 1.343800303835733789e+00 8.756737210496687851e-01 9.950838997601261227e-01 1.044278871264304076e+00 9.485098604560818769e-01 8.409438436608216438e-01 1.069913106879740061e+00 1.053217995559000419e+00 1.001033829337662384e+00 1.118885391726806455e+00 1.029753634047219313e+00 9.897006279262524631e-01
1.526903641900380748e+00 1.172241049469458840e+00 9.939237911197602582e-01 1.029615528596598217e+00 9.764511840502080320e-01 9.933680663780699582e-01 1.001919005292142506e+00 1.007295586599956660e+00 9.998680450491385097e-01 1.140166511321358822e+00 9.887909302696449299e-01 1.010737462126035879e+00 9.807379937672427994e-01 1.355649737643394914e+00 9.928025780758341634e-01 8.904624113663621721e-01 9.728688114699065581e-01 7.678383867920485217e-01 9.995502484043709002e-01 9.975428164908296536e-01
9.117137412017684017e-01 9.617301058338455499e-01 9.722297650121181078e-01 9.901957991967487160e-01 1.002038045832021718e+00 9.969260858761528343e-01 9.884128523525871346e-01 9.949155843727207627e-01 1.028451823132790155e+00 1.003733823195323227e+00 9.994622111126487685e-01 1.064448169357251617e+00 1.002949383696029262e+00 1.252728482528851828e+00 9.635406236252074264e-01 1.007884522685251749e+00 6.077830316984755843e-01 9.986792878409682661e-01 9.777083020501111665e-01 1.001334433480826069e+00
9.765448818249837792e-01 1.010727532429499309e+00 1.000057031816042885e+00 9.990566565850559355e-01 1.000949581361803231e+00 9.628564309322948933e-01 9.645542318827710071e-01 9.361047375012233607e-01 1.002095161456684869e+00 7.896615658023640183e-01 9.977854154538324805e-01 9.873651884281601232e-01 9.997589677058474900e-01 8.863682573680456978e-01 1.004703326943674702e+00 9.487686373444513821e-01 1.073616983501297195e+00 1.012851101686111255e+00 1.044860829820188242e+00 9.949185308579967524e-01
1.000078147527143413e+00 1.012451223359135177e+00 1.011121610992980591e+00 8.286293511229636533e-01 9.833483156233816525e-01 1.001978590840920225e+00 1.066805759564946943e+00 1.000753652249834591e+00 9.578723589561064511e-01 9.975804241414405471e-01 1.000038670298594612e+00 9.944496698525165934e-01 9.972892969182486356e-01 1.003688665359644183e+00 9.980878037650550150e-01 9.991003028857609047e-01 9.981523834792539462e-01 9.999221165168010739e-01 9.992905605040497408e-01 9.955375893944354848e-01
9.779765942859790506e-01 1.000236764291876579e+00 9.999914180468212344e-01 9.990303966653290013e-01 9.745799672345678566e-01 8.612909948233303803e-01 9.946376414423213630e-01 9.959300601677792963e-01 9.994854951076104221e-01 9.348990474451123189e-01 9.011965419396801291e-01 9.857781996162467975e-01 9.836247543180148822e-01 9.979565864337037739e-01 9.926201335496326328e-01 9.981658525371782664e-01 9.879179357995054866e-01 1.000881963771939942e+00 9.968390165491748389e-01 9.878457313229352943e-01
9.702283056342573264e-01 7.148885233723355492e-01 1.036051408415607611e+00 1.002140799022558371e+00 9.296915267929236615e-01 9.944280144876759264e-01 8.932788161135606364e-01 9.358164096853973657e-01 9.896443018959120153e-01 7.969179772303538467e-01 9.999999205797223123e-01 9.999466987891593162e-01 9.955940294201474083e-01 9.903136555573530675e-01 9.939476656489064643e-01 1.000054594347931536e+00 7.482447875684516969e-01 9.999785944284742545e-01 6.224387902944450435e-01 1.028358633661392574e+00
