4.475996091531531662e-01
3.679887151433061110e-01
2.921104594856645531e-01
2.210476411989951706e-01
1.558967209325864689e-01
9.714856509817232366e-02
4.373045510361417421e-02
1.497963702292814774e-06
2.753859124631828290e-03
8.954993600215487189e-04
3.798286805692688457e-03
1.616036293933698076e-03
2.052737193784291356e-03
5.620948079191057101e-04
2.267480575519927391e-03
2.672768211406384431e-06
5.472099315580285228e-03
1.063747635729182794e-02
1.520825844584620425e-02
1.860843971219600101e-02
2.015626024827527063e-02
1.925267380512923898e-02
1.549406245918871772e-02
9.200257948226209237e-03
1.111386647725226551e-03
2.717746871994108915e-07
9.964604071032168164e-03
1.945564635222307714e-02
2.609816724638669427e-02
2.952367716196002689e-02
2.952367716195958280e-02
2.609816724638314156e-02
1.945564635222218897e-02
9.964604071037719280e-03
2.717746907521245703e-07
1.111386647740855976e-03
9.200257948218968501e-03
1.549406245918869170e-02
1.925267380512866652e-02
2.015626024827211690e-02
1.860843971219483875e-02
1.520825844585235558e-02
1.063747635728806533e-02
5.472099315582336539e-03
2.672768211001546728e-06
2.267480575519355366e-03
5.620948079157781852e-04
2.052737193793576897e-03
1.616036293930844239e-03
3.798286805693572299e-03
8.954993600246232994e-04
2.753859124629375391e-03
1.497963707221320023e-06
4.373045510360848431e-02
9.714856509816699459e-02
1.558967209325839154e-01
2.210476411989952261e-01
2.921104594856725467e-01
3.679887151433005599e-01
4.475996091531516674e-01
