-3.000000000000000000e+00
-2.949579831932773288e+00
-2.899159663865546133e+00
-2.848739495798319421e+00
-2.798319327731092265e+00
-2.747899159663865554e+00
-2.697478991596638842e+00
-2.647058823529411686e+00
-2.596638655462184975e+00
-2.546218487394957819e+00
-2.495798319327731107e+00
-2.445378151260504396e+00
-2.394957983193277240e+00
-2.344537815126050528e+00
-2.294117647058823373e+00
-2.243697478991596661e+00
-2.193277310924369949e+00
-2.142857142857142794e+00
-2.092436974789916082e+00
-2.042016806722688926e+00
-1.991596638655462215e+00
-1.941176470588235281e+00
-1.890756302521008347e+00
-1.840336134453781414e+00
-1.789915966386554480e+00
-1.739495798319327768e+00
-1.689075630252100835e+00
-1.638655462184873901e+00
-1.588235294117646967e+00
-1.537815126050420034e+00
-1.487394957983193322e+00
-1.436974789915966388e+00
-1.386554621848739455e+00
-1.336134453781512521e+00
-1.285714285714285587e+00
-1.235294117647058876e+00
-1.184873949579831942e+00
-1.134453781512605008e+00
-1.084033613445378075e+00
-1.033613445378151141e+00
-9.831932773109244295e-01
-9.327731092436972737e-01
-8.823529411764705621e-01
-8.319327731092438505e-01
-7.815126050420166948e-01
-7.310924369747899831e-01
-6.806722689075628274e-01
-6.302521008403361158e-01
-5.798319327731089601e-01
-5.294117647058822484e-01
-4.789915966386555368e-01
-4.285714285714283811e-01
-3.781512605042016695e-01
-3.277310924369745138e-01
-2.773109243697478021e-01
-2.268907563025210905e-01
-1.764705882352939348e-01
-1.260504201680672232e-01
-7.563025210084006744e-02
-2.521008403361335581e-02
2.521008403361335581e-02
7.563025210084051153e-02
1.260504201680672232e-01
1.764705882352943789e-01
2.268907563025210905e-01
2.773109243697478021e-01
3.277310924369749578e-01
3.781512605042016695e-01
4.285714285714288252e-01
4.789915966386555368e-01
5.294117647058822484e-01
5.798319327731094042e-01
6.302521008403361158e-01
6.806722689075632715e-01
7.310924369747899831e-01
7.815126050420166948e-01
8.319327731092438505e-01
8.823529411764705621e-01
9.327731092436977178e-01
9.831932773109244295e-01
1.033613445378151141e+00
1.084033613445377853e+00
1.134453781512605453e+00
1.184873949579832164e+00
1.235294117647058876e+00
1.285714285714285587e+00
1.336134453781512299e+00
1.386554621848739899e+00
1.436974789915966610e+00
1.487394957983193322e+00
1.537815126050420034e+00
1.588235294117646745e+00
1.638655462184874345e+00
1.689075630252101057e+00
1.739495798319327768e+00
1.789915966386554480e+00
1.840336134453782080e+00
1.890756302521008791e+00
1.941176470588235503e+00
1.991596638655462215e+00
2.042016806722688926e+00
2.092436974789916526e+00
2.142857142857143238e+00
2.193277310924369949e+00
2.243697478991596661e+00
2.294117647058823373e+00
2.344537815126050972e+00
2.394957983193277684e+00
2.445378151260504396e+00
2.495798319327731107e+00
2.546218487394957819e+00
2.596638655462185419e+00
2.647058823529412130e+00
2.697478991596638842e+00
2.747899159663865554e+00
2.798319327731092265e+00
2.848739495798319865e+00
2.899159663865546577e+00
2.949579831932773288e+00
3.000000000000000000e+00
