-4.000000000000000000e+00
-3.993327773144287107e+00
-3.986655546288573770e+00
-3.979983319432860878e+00
-3.973311092577147541e+00
-3.966638865721434648e+00
-3.959966638865721311e+00
-3.953294412010008418e+00
-3.946622185154295082e+00
-3.939949958298582189e+00
-3.933277731442868852e+00
-3.926605504587155959e+00
-3.919933277731443066e+00
-3.913261050875729730e+00
-3.906588824020016837e+00
-3.899916597164303500e+00
-3.893244370308590607e+00
-3.886572143452877270e+00
-3.879899916597164378e+00
-3.873227689741451041e+00
-3.866555462885738148e+00
-3.859883236030024811e+00
-3.853211009174311918e+00
-3.846538782318599026e+00
-3.839866555462885689e+00
-3.833194328607172796e+00
-3.826522101751459459e+00
-3.819849874895746566e+00
-3.813177648040033230e+00
-3.806505421184320337e+00
-3.799833194328607000e+00
-3.793160967472894107e+00
-3.786488740617181215e+00
-3.779816513761467878e+00
-3.773144286905754985e+00
-3.766472060050041648e+00
-3.759799833194328755e+00
-3.753127606338615418e+00
-3.746455379482902526e+00
-3.739783152627189189e+00
-3.733110925771476296e+00
-3.726438698915762959e+00
-3.719766472060050067e+00
-3.713094245204336730e+00
-3.706422018348623837e+00
-3.699749791492910944e+00
-3.693077564637197607e+00
-3.686405337781484715e+00
-3.679733110925771378e+00
-3.673060884070058485e+00
-3.666388657214345148e+00
-3.659716430358632255e+00
-3.653044203502918919e+00
-3.646371976647206026e+00
-3.639699749791493133e+00
-3.633027522935779796e+00
-3.626355296080066903e+00
-3.619683069224353567e+00
-3.613010842368640674e+00
-3.606338615512927337e+00
-3.599666388657214444e+00
-3.592994161801501107e+00
-3.586321934945788215e+00
-3.579649708090075322e+00
-3.572977481234361985e+00
-3.566305254378648648e+00
-3.559633027522935755e+00
-3.552960800667222863e+00
-3.546288573811509526e+00
-3.539616346955796633e+00
-3.532944120100083296e+00
-3.526271893244370403e+00
-3.519599666388657067e+00
-3.512927439532944174e+00
-3.506255212677230837e+00
-3.499582985821517944e+00
-3.492910758965805051e+00
-3.486238532110091715e+00
-3.479566305254378822e+00
-3.472894078398665485e+00
-3.466221851542952592e+00
-3.459549624687239255e+00
-3.452877397831526363e+00
-3.446205170975813026e+00
-3.439532944120100133e+00
-3.432860717264387240e+00
-3.426188490408673903e+00
-3.419516263552960567e+00
-3.412844036697247674e+00
-3.406171809841534781e+00
-3.399499582985821444e+00
-3.392827356130108551e+00
-3.386155129274395215e+00
-3.379482902418682322e+00
-3.372810675562969429e+00
-3.366138448707256092e+00
-3.359466221851542755e+00
-3.352793994995829863e+00
-3.346121768140116970e+00
-3.339449541284403633e+00
-3.332777314428690740e+00
-3.326105087572977403e+00
-3.319432860717264511e+00
-3.312760633861551174e+00
-3.306088407005838281e+00
-3.299416180150124944e+00
-3.292743953294412051e+00
-3.286071726438699159e+00
-3.279399499582985822e+00
-3.272727272727272485e+00
-3.266055045871559592e+00
-3.259382819015846700e+00
-3.252710592160133363e+00
-3.246038365304420470e+00
-3.239366138448707133e+00
-3.232693911592994240e+00
-3.226021684737281348e+00
-3.219349457881568011e+00
-3.212677231025854674e+00
-3.206005004170141781e+00
-3.199332777314428888e+00
-3.192660550458715552e+00
-3.185988323603002659e+00
-3.179316096747289322e+00
-3.172643869891576429e+00
-3.165971643035863092e+00
-3.159299416180150200e+00
-3.152627189324436863e+00
-3.145954962468723970e+00
-3.139282735613011077e+00
-3.132610508757297740e+00
-3.125938281901584848e+00
-3.119266055045871511e+00
-3.112593828190158618e+00
-3.105921601334445281e+00
-3.099249374478732388e+00
-3.092577147623019052e+00
-3.085904920767306159e+00
-3.079232693911593266e+00
-3.072560467055879929e+00
-3.065888240200166592e+00
-3.059216013344453700e+00
-3.052543786488740807e+00
-3.045871559633027470e+00
-3.039199332777314577e+00
-3.032527105921601240e+00
-3.025854879065888348e+00
-3.019182652210175455e+00
-3.012510425354462118e+00
-3.005838198498748781e+00
-2.999165971643035888e+00
-2.992493744787322996e+00
-2.985821517931609659e+00
-2.979149291075896322e+00
-2.972477064220183429e+00
-2.965804837364470536e+00
-2.959132610508757644e+00
-2.952460383653044307e+00
-2.945788156797330970e+00
-2.939115929941618077e+00
-2.932443703085905184e+00
-2.925771476230191848e+00
-2.919099249374478511e+00
-2.912427022518765618e+00
-2.905754795663052725e+00
-2.899082568807339388e+00
-2.892410341951626496e+00
-2.885738115095913159e+00
-2.879065888240200266e+00
-2.872393661384487373e+00
-2.865721434528774036e+00
-2.859049207673060700e+00
-2.852376980817347807e+00
-2.845704753961634914e+00
-2.839032527105921577e+00
-2.832360300250208240e+00
-2.825688073394495348e+00
-2.819015846538782455e+00
-2.812343619683069562e+00
-2.805671392827356225e+00
-2.798999165971642888e+00
-2.792326939115929996e+00
-2.785654712260217103e+00
-2.778982485404503766e+00
-2.772310258548790429e+00
-2.765638031693077536e+00
-2.758965804837364644e+00
-2.752293577981651751e+00
-2.745621351125938414e+00
-2.738949124270225077e+00
-2.732276897414512185e+00
-2.725604670558799292e+00
-2.718932443703085955e+00
-2.712260216847372618e+00
-2.705587989991659725e+00
-2.698915763135946833e+00
-2.692243536280233496e+00
-2.685571309424520159e+00
-2.678899082568807266e+00
-2.672226855713094373e+00
-2.665554628857381481e+00
-2.658882402001668144e+00
-2.652210175145954807e+00
-2.645537948290241914e+00
-2.638865721434529021e+00
-2.632193494578815685e+00
-2.625521267723102348e+00
-2.618849040867389455e+00
-2.612176814011676562e+00
-2.605504587155963669e+00
-2.598832360300250333e+00
-2.592160133444536996e+00
-2.585487906588824103e+00
-2.578815679733111210e+00
-2.572143452877397873e+00
-2.565471226021684537e+00
-2.558798999165971644e+00
-2.552126772310258751e+00
-2.545454545454545414e+00
-2.538782318598832521e+00
-2.532110091743119185e+00
-2.525437864887406292e+00
-2.518765638031693399e+00
-2.512093411175980062e+00
-2.505421184320266725e+00
-2.498748957464553833e+00
-2.492076730608840940e+00
-2.485404503753127603e+00
-2.478732276897414266e+00
-2.472060050041701373e+00
-2.465387823185988481e+00
-2.458715596330275588e+00
-2.452043369474562251e+00
-2.445371142618848914e+00
-2.438698915763136021e+00
-2.432026688907423129e+00
-2.425354462051709792e+00
-2.418682235195996455e+00
-2.412010008340283562e+00
-2.405337781484570669e+00
-2.398665554628857333e+00
-2.391993327773144440e+00
-2.385321100917431103e+00
-2.378648874061718210e+00
-2.371976647206005318e+00
-2.365304420350291981e+00
-2.358632193494578644e+00
-2.351959966638865751e+00
-2.345287739783152858e+00
-2.338615512927439521e+00
-2.331943286071726185e+00
-2.325271059216013292e+00
-2.318598832360300399e+00
-2.311926605504587506e+00
-2.305254378648874169e+00
-2.298582151793160833e+00
-2.291909924937447940e+00
-2.285237698081735047e+00
-2.278565471226021710e+00
-2.271893244370308373e+00
-2.265221017514595481e+00
-2.258548790658882588e+00
-2.251876563803169695e+00
-2.245204336947456358e+00
-2.238532110091743021e+00
-2.231859883236030129e+00
-2.225187656380317236e+00
-2.218515429524603899e+00
-2.211843202668890562e+00
-2.205170975813177670e+00
-2.198498748957464777e+00
-2.191826522101751440e+00
-2.185154295246038547e+00
-2.178482068390325210e+00
-2.171809841534612318e+00
-2.165137614678899425e+00
-2.158465387823186088e+00
-2.151793160967472751e+00
-2.145120934111759858e+00
-2.138448707256046966e+00
-2.131776480400333629e+00
-2.125104253544620292e+00
-2.118432026688907399e+00
-2.111759799833194506e+00
-2.105087572977481614e+00
-2.098415346121768277e+00
-2.091743119266054940e+00
-2.085070892410342047e+00
-2.078398665554629154e+00
-2.071726438698915818e+00
-2.065054211843202481e+00
-2.058381984987489588e+00
-2.051709758131776695e+00
-2.045037531276063358e+00
-2.038365304420350466e+00
-2.031693077564637129e+00
-2.025020850708924236e+00
-2.018348623853211343e+00
-2.011676396997498006e+00
-2.005004170141784670e+00
-1.998331943286071777e+00
-1.991659716430358884e+00
-1.984987489574645547e+00
-1.978315262718932654e+00
-1.971643035863219318e+00
-1.964970809007506425e+00
-1.958298582151793088e+00
-1.951626355296080195e+00
-1.944954128440366858e+00
-1.938281901584653966e+00
-1.931609674728941073e+00
-1.924937447873227736e+00
-1.918265221017514843e+00
-1.911592994161801506e+00
-1.904920767306088614e+00
-1.898248540450375277e+00
-1.891576313594662384e+00
-1.884904086738949047e+00
-1.878231859883236154e+00
-1.871559633027522818e+00
-1.864887406171809925e+00
-1.858215179316097032e+00
-1.851542952460383695e+00
-1.844870725604670803e+00
-1.838198498748957466e+00
-1.831526271893244573e+00
-1.824854045037531236e+00
-1.818181818181818343e+00
-1.811509591326105006e+00
-1.804837364470392114e+00
-1.798165137614678777e+00
-1.791492910758965884e+00
-1.784820683903252991e+00
-1.778148457047539654e+00
-1.771476230191826762e+00
-1.764804003336113425e+00
-1.758131776480400532e+00
-1.751459549624687195e+00
-1.744787322768974303e+00
-1.738115095913260966e+00
-1.731442869057548073e+00
-1.724770642201834736e+00
-1.718098415346121843e+00
-1.711426188490408951e+00
-1.704753961634695614e+00
-1.698081734778982721e+00
-1.691409507923269384e+00
-1.684737281067556491e+00
-1.678065054211843155e+00
-1.671392827356130262e+00
-1.664720600500416925e+00
-1.658048373644704032e+00
-1.651376146788990695e+00
-1.644703919933277803e+00
-1.638031693077564910e+00
-1.631359466221851573e+00
-1.624687239366138680e+00
-1.618015012510425343e+00
-1.611342785654712451e+00
-1.604670558798999114e+00
-1.597998331943286221e+00
-1.591326105087572884e+00
-1.584653878231859991e+00
-1.577981651376147099e+00
-1.571309424520433762e+00
-1.564637197664720869e+00
-1.557964970809007532e+00
-1.551292743953294639e+00
-1.544620517097581303e+00
-1.537948290241868410e+00
-1.531276063386155073e+00
-1.524603836530442180e+00
-1.517931609674728843e+00
-1.511259382819015951e+00
-1.504587155963303058e+00
-1.497914929107589721e+00
-1.491242702251876828e+00
-1.484570475396163491e+00
-1.477898248540450599e+00
-1.471226021684737262e+00
-1.464553794829024369e+00
-1.457881567973311032e+00
-1.451209341117598139e+00
-1.444537114261884803e+00
-1.437864887406171910e+00
-1.431192660550459017e+00
-1.424520433694745680e+00
-1.417848206839032787e+00
-1.411175979983319451e+00
-1.404503753127606558e+00
-1.397831526271893221e+00
-1.391159299416180328e+00
-1.384487072560466991e+00
-1.377814845704754099e+00
-1.371142618849040762e+00
-1.364470391993327869e+00
-1.357798165137614976e+00
-1.351125938281901639e+00
-1.344453711426188747e+00
-1.337781484570475410e+00
-1.331109257714762517e+00
-1.324437030859049180e+00
-1.317764804003336288e+00
-1.311092577147622951e+00
-1.304420350291910058e+00
-1.297748123436196721e+00
-1.291075896580483828e+00
-1.284403669724770936e+00
-1.277731442869057599e+00
-1.271059216013344706e+00
-1.264386989157631369e+00
-1.257714762301918476e+00
-1.251042535446205139e+00
-1.244370308590492247e+00
-1.237698081734778910e+00
-1.231025854879066017e+00
-1.224353628023353124e+00
-1.217681401167639788e+00
-1.211009174311926895e+00
-1.204336947456213558e+00
-1.197664720600500665e+00
-1.190992493744787328e+00
-1.184320266889074436e+00
-1.177648040033361099e+00
-1.170975813177648206e+00
-1.164303586321934869e+00
-1.157631359466221976e+00
-1.150959132610509084e+00
-1.144286905754795747e+00
-1.137614678899082854e+00
-1.130942452043369517e+00
-1.124270225187656624e+00
-1.117597998331943288e+00
-1.110925771476230395e+00
-1.104253544620517058e+00
-1.097581317764804165e+00
-1.090909090909090828e+00
-1.084236864053377936e+00
-1.077564637197665043e+00
-1.070892410341951706e+00
-1.064220183486238813e+00
-1.057547956630525476e+00
-1.050875729774812584e+00
-1.044203502919099247e+00
-1.037531276063386354e+00
-1.030859049207673017e+00
-1.024186822351960124e+00
-1.017514595496246788e+00
-1.010842368640533895e+00
-1.004170141784821002e+00
-9.974979149291076652e-01
-9.908256880733947725e-01
-9.841534612176814356e-01
-9.774812343619685429e-01
-9.708090075062552060e-01
-9.641367806505423133e-01
-9.574645537948289764e-01
-9.507923269391160837e-01
-9.441201000834027468e-01
-9.374478732276898540e-01
-9.307756463719769613e-01
-9.241034195162636244e-01
-9.174311926605507317e-01
-9.107589658048373948e-01
-9.040867389491245021e-01
-8.974145120934111652e-01
-8.907422852376982725e-01
-8.840700583819849356e-01
-8.773978315262720429e-01
-8.707256046705587060e-01
-8.640533778148458133e-01
-8.573811509591329205e-01
-8.507089241034195837e-01
-8.440366972477066909e-01
-8.373644703919933541e-01
-8.306922435362804613e-01
-8.240200166805671245e-01
-8.173477898248542317e-01
-8.106755629691408949e-01
-8.040033361134280021e-01
-7.973311092577146653e-01
-7.906588824020017725e-01
-7.839866555462888797e-01
-7.773144286905755429e-01
-7.706422018348626501e-01
-7.639699749791493133e-01
-7.572977481234364205e-01
-7.506255212677230837e-01
-7.439532944120101909e-01
-7.372810675562968541e-01
-7.306088407005839613e-01
-7.239366138448710686e-01
-7.172643869891577317e-01
-7.105921601334448390e-01
-7.039199332777315021e-01
-6.972477064220186094e-01
-6.905754795663052725e-01
-6.839032527105923798e-01
-6.772310258548790429e-01
-6.705587989991661502e-01
-6.638865721434528133e-01
-6.572143452877399206e-01
-6.505421184320270278e-01
-6.438698915763136910e-01
-6.371976647206007982e-01
-6.305254378648874614e-01
-6.238532110091745686e-01
-6.171809841534612318e-01
-6.105087572977483390e-01
-6.038365304420350022e-01
-5.971643035863221094e-01
-5.904920767306087726e-01
-5.838198498748958798e-01
-5.771476230191829870e-01
-5.704753961634696502e-01
-5.638031693077567574e-01
-5.571309424520434206e-01
-5.504587155963305278e-01
-5.437864887406171910e-01
-5.371142618849042982e-01
-5.304420350291909614e-01
-5.237698081734780686e-01
-5.170975813177647318e-01
-5.104253544620518390e-01
-5.037531276063389463e-01
-4.970809007506256094e-01
-4.904086738949127167e-01
-4.837364470391993798e-01
-4.770642201834864871e-01
-4.703919933277731502e-01
-4.637197664720602575e-01
-4.570475396163469206e-01
-4.503753127606340279e-01
-4.437030859049206910e-01
-4.370308590492077983e-01
-4.303586321934949055e-01
-4.236864053377815686e-01
-4.170141784820686759e-01
-4.103419516263553390e-01
-4.036697247706424463e-01
-3.969974979149291094e-01
-3.903252710592162167e-01
-3.836530442035028798e-01
-3.769808173477899871e-01
-3.703085904920770943e-01
-3.636363636363637575e-01
-3.569641367806508647e-01
-3.502919099249375279e-01
-3.436196830692246351e-01
-3.369474562135112983e-01
-3.302752293577984055e-01
-3.236030025020850687e-01
-3.169307756463721759e-01
-3.102585487906588391e-01
-3.035863219349459463e-01
-2.969140950792330536e-01
-2.902418682235197167e-01
-2.835696413678068240e-01
-2.768974145120934871e-01
-2.702251876563805943e-01
-2.635529608006672575e-01
-2.568807339449543647e-01
-2.502085070892410279e-01
-2.435362802335281351e-01
-2.368640533778147983e-01
-2.301918265221019055e-01
-2.235195996663890128e-01
-2.168473728106756759e-01
-2.101751459549627832e-01
-2.035029190992494463e-01
-1.968306922435365536e-01
-1.901584653878232167e-01
-1.834862385321103240e-01
-1.768140116763969871e-01
-1.701417848206840944e-01
-1.634695579649707575e-01
-1.567973311092578648e-01
-1.501251042535449720e-01
-1.434528773978316352e-01
-1.367806505421187424e-01
-1.301084236864054056e-01
-1.234361968306925128e-01
-1.167639699749791760e-01
-1.100917431192662832e-01
-1.034195162635529464e-01
-9.674728940784005360e-02
-9.007506255212671675e-02
-8.340283569641382400e-02
-7.673060884070093124e-02
-7.005838198498759439e-02
-6.338615512927470164e-02
-5.671392827356136479e-02
-5.004170141784847203e-02
-4.336947456213513519e-02
-3.669724770642224243e-02
-3.002502085070890558e-02
-2.335279399499601283e-02
-1.668056713928267598e-02
-1.000834028356978322e-02
-3.336113427856890468e-03
3.336113427856446378e-03
1.000834028356933914e-02
1.668056713928223189e-02
2.335279399499601283e-02
3.002502085070890558e-02
3.669724770642179834e-02
4.336947456213469110e-02
5.004170141784847203e-02
5.671392827356136479e-02
6.338615512927425755e-02
7.005838198498715030e-02
7.673060884070004306e-02
8.340283569641382400e-02
9.007506255212671675e-02
9.674728940783960951e-02
1.034195162635525023e-01
1.100917431192662832e-01
1.167639699749791760e-01
1.234361968306920687e-01
1.301084236864049615e-01
1.367806505421178542e-01
1.434528773978316352e-01
1.501251042535445279e-01
1.567973311092574207e-01
1.634695579649703134e-01
1.701417848206840944e-01
1.768140116763969871e-01
1.834862385321098799e-01
1.901584653878227726e-01
1.968306922435365536e-01
2.035029190992494463e-01
2.101751459549623391e-01
2.168473728106752318e-01
2.235195996663881246e-01
2.301918265221019055e-01
2.368640533778147983e-01
2.435362802335276911e-01
2.502085070892405838e-01
2.568807339449543647e-01
2.635529608006672575e-01
2.702251876563801503e-01
2.768974145120930430e-01
2.835696413678059358e-01
2.902418682235197167e-01
2.969140950792326095e-01
3.035863219349455022e-01
3.102585487906583950e-01
3.169307756463721759e-01
3.236030025020850687e-01
3.302752293577979614e-01
3.369474562135108542e-01
3.436196830692237469e-01
3.502919099249375279e-01
3.569641367806504206e-01
3.636363636363633134e-01
3.703085904920762061e-01
3.769808173477899871e-01
3.836530442035028798e-01
3.903252710592157726e-01
3.969974979149286654e-01
4.036697247706424463e-01
4.103419516263553390e-01
4.170141784820682318e-01
4.236864053377811246e-01
4.303586321934940173e-01
4.370308590492077983e-01
4.437030859049206910e-01
4.503753127606335838e-01
4.570475396163464765e-01
4.637197664720602575e-01
4.703919933277731502e-01
4.770642201834860430e-01
4.837364470391989357e-01
4.904086738949118285e-01
4.970809007506256094e-01
5.037531276063385022e-01
5.104253544620513949e-01
5.170975813177642877e-01
5.237698081734780686e-01
5.304420350291909614e-01
5.371142618849038541e-01
5.437864887406167469e-01
5.504587155963305278e-01
5.571309424520434206e-01
5.638031693077563133e-01
5.704753961634692061e-01
5.771476230191820989e-01
5.838198498748958798e-01
5.904920767306087726e-01
5.971643035863216653e-01
6.038365304420345581e-01
6.105087572977483390e-01
6.171809841534612318e-01
6.238532110091741245e-01
6.305254378648870173e-01
6.371976647205999100e-01
6.438698915763136910e-01
6.505421184320265837e-01
6.572143452877394765e-01
6.638865721434523692e-01
6.705587989991661502e-01
6.772310258548790429e-01
6.839032527105919357e-01
6.905754795663048284e-01
6.972477064220186094e-01
7.039199332777315021e-01
7.105921601334443949e-01
7.172643869891572876e-01
7.239366138448701804e-01
7.306088407005839613e-01
7.372810675562968541e-01
7.439532944120097468e-01
7.506255212677226396e-01
7.572977481234364205e-01
7.639699749791493133e-01
7.706422018348622061e-01
7.773144286905750988e-01
7.839866555462879916e-01
7.906588824020017725e-01
7.973311092577146653e-01
8.040033361134275580e-01
8.106755629691404508e-01
8.173477898248542317e-01
8.240200166805671245e-01
8.306922435362800172e-01
8.373644703919929100e-01
8.440366972477058027e-01
8.507089241034195837e-01
8.573811509591324764e-01
8.640533778148453692e-01
8.707256046705582619e-01
8.773978315262720429e-01
8.840700583819849356e-01
8.907422852376978284e-01
8.974145120934107211e-01
9.040867389491245021e-01
9.107589658048373948e-01
9.174311926605502876e-01
9.241034195162631804e-01
9.307756463719760731e-01
9.374478732276898540e-01
9.441201000834027468e-01
9.507923269391156396e-01
9.574645537948285323e-01
9.641367806505423133e-01
9.708090075062552060e-01
9.774812343619680988e-01
9.841534612176809915e-01
9.908256880733938843e-01
9.974979149291076652e-01
1.004170141784820558e+00
1.010842368640533451e+00
1.017514595496246343e+00
1.024186822351960124e+00
1.030859049207673017e+00
1.037531276063385910e+00
1.044203502919098803e+00
1.050875729774812584e+00
1.057547956630525476e+00
1.064220183486238369e+00
1.070892410341951262e+00
1.077564637197664155e+00
1.084236864053377936e+00
1.090909090909090828e+00
1.097581317764803721e+00
1.104253544620516614e+00
1.110925771476230395e+00
1.117597998331943288e+00
1.124270225187656180e+00
1.130942452043369073e+00
1.137614678899081966e+00
1.144286905754795747e+00
1.150959132610508640e+00
1.157631359466221532e+00
1.164303586321934425e+00
1.170975813177648206e+00
1.177648040033361099e+00
1.184320266889073991e+00
1.190992493744786884e+00
1.197664720600499777e+00
1.204336947456213558e+00
1.211009174311926451e+00
1.217681401167639343e+00
1.224353628023352236e+00
1.231025854879066017e+00
1.237698081734778910e+00
1.244370308590491803e+00
1.251042535446204695e+00
1.257714762301918476e+00
1.264386989157631369e+00
1.271059216013344262e+00
1.277731442869057155e+00
1.284403669724770047e+00
1.291075896580483828e+00
1.297748123436196721e+00
1.304420350291909614e+00
1.311092577147622507e+00
1.317764804003336288e+00
1.324437030859049180e+00
1.331109257714762073e+00
1.337781484570474966e+00
1.344453711426187859e+00
1.351125938281901639e+00
1.357798165137614532e+00
1.364470391993327425e+00
1.371142618849040318e+00
1.377814845704754099e+00
1.384487072560466991e+00
1.391159299416179884e+00
1.397831526271892777e+00
1.404503753127606558e+00
1.411175979983319451e+00
1.417848206839032343e+00
1.424520433694745236e+00
1.431192660550458129e+00
1.437864887406171910e+00
1.444537114261884803e+00
1.451209341117597695e+00
1.457881567973310588e+00
1.464553794829024369e+00
1.471226021684737262e+00
1.477898248540450155e+00
1.484570475396163047e+00
1.491242702251875940e+00
1.497914929107589721e+00
1.504587155963302614e+00
1.511259382819015507e+00
1.517931609674728399e+00
1.524603836530442180e+00
1.531276063386155073e+00
1.537948290241867966e+00
1.544620517097580858e+00
1.551292743953293751e+00
1.557964970809007532e+00
1.564637197664720425e+00
1.571309424520433318e+00
1.577981651376146210e+00
1.584653878231859991e+00
1.591326105087572884e+00
1.597998331943285777e+00
1.604670558798998670e+00
1.611342785654712451e+00
1.618015012510425343e+00
1.624687239366138236e+00
1.631359466221851129e+00
1.638031693077564022e+00
1.644703919933277803e+00
1.651376146788990695e+00
1.658048373644703588e+00
1.664720600500416481e+00
1.671392827356130262e+00
1.678065054211843155e+00
1.684737281067556047e+00
1.691409507923268940e+00
1.698081734778981833e+00
1.704753961634695614e+00
1.711426188490408506e+00
1.718098415346121399e+00
1.724770642201834292e+00
1.731442869057548073e+00
1.738115095913260966e+00
1.744787322768973858e+00
1.751459549624686751e+00
1.758131776480400532e+00
1.764804003336113425e+00
1.771476230191826318e+00
1.778148457047539210e+00
1.784820683903252103e+00
1.791492910758965884e+00
1.798165137614678777e+00
1.804837364470391670e+00
1.811509591326104562e+00
1.818181818181818343e+00
1.824854045037531236e+00
1.831526271893244129e+00
1.838198498748957022e+00
1.844870725604669914e+00
1.851542952460383695e+00
1.858215179316096588e+00
1.864887406171809481e+00
1.871559633027522374e+00
1.878231859883236154e+00
1.884904086738949047e+00
1.891576313594661940e+00
1.898248540450374833e+00
1.904920767306088614e+00
1.911592994161801506e+00
1.918265221017514399e+00
1.924937447873227292e+00
1.931609674728940185e+00
1.938281901584653966e+00
1.944954128440366858e+00
1.951626355296079751e+00
1.958298582151792644e+00
1.964970809007506425e+00
1.971643035863219318e+00
1.978315262718932210e+00
1.984987489574645103e+00
1.991659716430357996e+00
1.998331943286071777e+00
2.005004170141784670e+00
2.011676396997497562e+00
2.018348623853210455e+00
2.025020850708924236e+00
2.031693077564637129e+00
2.038365304420350022e+00
2.045037531276062914e+00
2.051709758131775807e+00
2.058381984987489588e+00
2.065054211843202481e+00
2.071726438698915373e+00
2.078398665554628266e+00
2.085070892410342047e+00
2.091743119266054940e+00
2.098415346121767833e+00
2.105087572977480725e+00
2.111759799833194506e+00
2.118432026688907399e+00
2.125104253544620292e+00
2.131776480400333185e+00
2.138448707256046077e+00
2.145120934111759858e+00
2.151793160967472751e+00
2.158465387823185644e+00
2.165137614678898537e+00
2.171809841534612318e+00
2.178482068390325210e+00
2.185154295246038103e+00
2.191826522101750996e+00
2.198498748957463889e+00
2.205170975813177670e+00
2.211843202668890562e+00
2.218515429524603455e+00
2.225187656380316348e+00
2.231859883236030129e+00
2.238532110091743021e+00
2.245204336947455914e+00
2.251876563803168807e+00
2.258548790658882588e+00
2.265221017514595481e+00
2.271893244370308373e+00
2.278565471226021266e+00
2.285237698081734159e+00
2.291909924937447940e+00
2.298582151793160833e+00
2.305254378648873725e+00
2.311926605504586618e+00
2.318598832360300399e+00
2.325271059216013292e+00
2.331943286071726185e+00
2.338615512927439077e+00
2.345287739783151970e+00
2.351959966638865751e+00
2.358632193494578644e+00
2.365304420350291537e+00
2.371976647206004429e+00
2.378648874061718210e+00
2.385321100917431103e+00
2.391993327773143996e+00
2.398665554628856889e+00
2.405337781484570669e+00
2.412010008340283562e+00
2.418682235195996455e+00
2.425354462051709348e+00
2.432026688907422241e+00
2.438698915763136021e+00
2.445371142618848914e+00
2.452043369474561807e+00
2.458715596330274700e+00
2.465387823185988481e+00
2.472060050041701373e+00
2.478732276897414266e+00
2.485404503753127159e+00
2.492076730608840052e+00
2.498748957464553833e+00
2.505421184320266725e+00
2.512093411175979618e+00
2.518765638031692511e+00
2.525437864887406292e+00
2.532110091743119185e+00
2.538782318598832077e+00
2.545454545454544970e+00
2.552126772310257863e+00
2.558798999165971644e+00
2.565471226021684537e+00
2.572143452877397429e+00
2.578815679733110322e+00
2.585487906588824103e+00
2.592160133444536996e+00
2.598832360300249888e+00
2.605504587155962781e+00
2.612176814011676562e+00
2.618849040867389455e+00
2.625521267723102348e+00
2.632193494578815240e+00
2.638865721434528133e+00
2.645537948290241914e+00
2.652210175145954807e+00
2.658882402001667700e+00
2.665554628857380592e+00
2.672226855713094373e+00
2.678899082568807266e+00
2.685571309424520159e+00
2.692243536280233052e+00
2.698915763135945944e+00
2.705587989991659725e+00
2.712260216847372618e+00
2.718932443703085511e+00
2.725604670558798404e+00
2.732276897414512185e+00
2.738949124270225077e+00
2.745621351125937970e+00
2.752293577981650863e+00
2.758965804837364644e+00
2.765638031693077536e+00
2.772310258548790429e+00
2.778982485404503322e+00
2.785654712260216215e+00
2.792326939115929996e+00
2.798999165971642888e+00
2.805671392827355781e+00
2.812343619683068674e+00
2.819015846538782455e+00
2.825688073394495348e+00
2.832360300250208240e+00
2.839032527105921133e+00
2.845704753961634026e+00
2.852376980817347807e+00
2.859049207673060700e+00
2.865721434528773592e+00
2.872393661384486485e+00
2.879065888240200266e+00
2.885738115095913159e+00
2.892410341951626052e+00
2.899082568807338944e+00
2.905754795663051837e+00
2.912427022518765618e+00
2.919099249374478511e+00
2.925771476230191404e+00
2.932443703085904296e+00
2.939115929941618077e+00
2.945788156797330970e+00
2.952460383653043863e+00
2.959132610508756756e+00
2.965804837364470536e+00
2.972477064220183429e+00
2.979149291075896322e+00
2.985821517931609215e+00
2.992493744787322107e+00
2.999165971643035888e+00
3.005838198498748781e+00
3.012510425354461674e+00
3.019182652210174567e+00
3.025854879065888348e+00
3.032527105921601240e+00
3.039199332777314133e+00
3.045871559633027026e+00
3.052543786488739919e+00
3.059216013344453700e+00
3.065888240200166592e+00
3.072560467055879485e+00
3.079232693911592378e+00
3.085904920767306159e+00
3.092577147623019052e+00
3.099249374478731944e+00
3.105921601334444837e+00
3.112593828190158618e+00
3.119266055045871511e+00
3.125938281901584403e+00
3.132610508757297296e+00
3.139282735613010189e+00
3.145954962468723970e+00
3.152627189324436863e+00
3.159299416180149755e+00
3.165971643035862648e+00
3.172643869891576429e+00
3.179316096747289322e+00
3.185988323603002215e+00
3.192660550458715107e+00
3.199332777314428000e+00
3.206005004170141781e+00
3.212677231025854674e+00
3.219349457881567567e+00
3.226021684737280459e+00
3.232693911592994240e+00
3.239366138448707133e+00
3.246038365304420026e+00
3.252710592160132919e+00
3.259382819015845811e+00
3.266055045871559592e+00
3.272727272727272485e+00
3.279399499582985378e+00
3.286071726438698271e+00
3.292743953294412051e+00
3.299416180150124944e+00
3.306088407005837837e+00
3.312760633861550730e+00
3.319432860717264511e+00
3.326105087572977403e+00
3.332777314428690296e+00
3.339449541284403189e+00
3.346121768140116082e+00
3.352793994995829863e+00
3.359466221851542755e+00
3.366138448707255648e+00
3.372810675562968541e+00
3.379482902418682322e+00
3.386155129274395215e+00
3.392827356130108107e+00
3.399499582985821000e+00
3.406171809841533893e+00
3.412844036697247674e+00
3.419516263552960567e+00
3.426188490408673459e+00
3.432860717264386352e+00
3.439532944120100133e+00
3.446205170975813026e+00
3.452877397831525919e+00
3.459549624687238811e+00
3.466221851542952592e+00
3.472894078398665485e+00
3.479566305254378378e+00
3.486238532110091271e+00
3.492910758965804163e+00
3.499582985821517944e+00
3.506255212677230837e+00
3.512927439532943730e+00
3.519599666388656622e+00
3.526271893244370403e+00
3.532944120100083296e+00
3.539616346955796189e+00
3.546288573811509082e+00
3.552960800667221974e+00
3.559633027522935755e+00
3.566305254378648648e+00
3.572977481234361541e+00
3.579649708090074434e+00
3.586321934945788215e+00
3.592994161801501107e+00
3.599666388657214000e+00
3.606338615512926893e+00
3.613010842368640674e+00
3.619683069224353567e+00
3.626355296080066459e+00
3.633027522935779352e+00
3.639699749791492245e+00
3.646371976647206026e+00
3.653044203502918919e+00
3.659716430358631811e+00
3.666388657214344704e+00
3.673060884070058485e+00
3.679733110925771378e+00
3.686405337781484270e+00
3.693077564637197163e+00
3.699749791492910056e+00
3.706422018348623837e+00
3.713094245204336730e+00
3.719766472060049622e+00
3.726438698915762515e+00
3.733110925771476296e+00
3.739783152627189189e+00
3.746455379482902082e+00
3.753127606338614974e+00
3.759799833194327867e+00
3.766472060050041648e+00
3.773144286905754541e+00
3.779816513761467434e+00
3.786488740617180326e+00
3.793160967472894107e+00
3.799833194328607000e+00
3.806505421184319893e+00
3.813177648040032786e+00
3.819849874895746566e+00
3.826522101751459459e+00
3.833194328607172352e+00
3.839866555462885245e+00
3.846538782318598138e+00
3.853211009174311918e+00
3.859883236030024811e+00
3.866555462885737704e+00
3.873227689741450597e+00
3.879899916597164378e+00
3.886572143452877270e+00
3.893244370308590163e+00
3.899916597164303056e+00
3.906588824020015949e+00
3.913261050875729730e+00
3.919933277731442622e+00
3.926605504587155515e+00
3.933277731442868408e+00
3.939949958298582189e+00
3.946622185154295082e+00
3.953294412010007974e+00
3.959966638865720867e+00
3.966638865721434648e+00
3.973311092577147541e+00
3.979983319432860434e+00
3.986655546288573326e+00
3.993327773144286219e+00
4.000000000000000000e+00
