3.608200259350170525e-01
3.154870092480500654e-01
2.716523647010540277e-01
2.295836385163654292e-01
1.896495411339248760e-01
1.523473685068862382e-01
1.182950827921472742e-01
8.812534254148177149e-02
6.221252324524484401e-02
4.027110589500582094e-02
2.109047003166020229e-02
2.746145089694396191e-03
6.015567913518538035e-03
8.375273363908492669e-03
3.451146379368866604e-03
1.300144011583907267e-03
5.340435032939809881e-03
8.311707833596583897e-03
1.037213989061049231e-02
1.179320150940001838e-02
1.278999233058827900e-02
1.350347797728273895e-02
1.402246469162101578e-02
1.440526160947640244e-02
1.469497947944188067e-02
1.493014099460192833e-02
1.515209818044743577e-02
1.540864967504154345e-02
1.575053582842352029e-02
1.621562423965444005e-02
1.679812901750500284e-02
1.741017309626161080e-02
1.785551924632272289e-02
1.783729246819289876e-02
1.700700566132352237e-02
1.504083644468475790e-02
1.171465647868609287e-02
6.950133478656372182e-03
8.202722717829411328e-04
3.343962807100808732e-06
1.046928572970884375e-02
2.072495469824087166e-02
3.064312825451764866e-02
4.004856495784459014e-02
4.872772272132230853e-02
5.644594654259638133e-02
6.296747823984016890e-02
6.807529757562846839e-02
7.158900188704642176e-02
7.337949827190382024e-02
7.337949827189760299e-02
7.158900188704109269e-02
6.807529757563024475e-02
6.296747823982329351e-02
5.644594654259016409e-02
4.872772272132408489e-02
4.004856495784281378e-02
3.064312825452564226e-02
2.072495469824797709e-02
1.046928572970617921e-02
3.343962808877165571e-06
8.202722717882693360e-04
6.950133478657249952e-03
1.171465647869140980e-02
1.504083644467169023e-02
1.700700566133024616e-02
1.783729246819563963e-02
1.785551924633389798e-02
1.741017309625946322e-02
1.679812901751542159e-02
1.621562423965720867e-02
1.575053582841667507e-02
1.540864967504086344e-02
1.515209818045053919e-02
1.493014099460414530e-02
1.469497947944591737e-02
1.440526160946672268e-02
1.402246469162362480e-02
1.350347797727679405e-02
1.278999233059262275e-02
1.179320150940208617e-02
1.037213989061400859e-02
8.311707833597298603e-03
5.340435032944491900e-03
1.300144011566156709e-03
3.451146379375907847e-03
8.375273363905838542e-03
6.015567913512209763e-03
2.746145089693508012e-03
2.109047003167711237e-02
4.027110589500848548e-02
6.221252324525559929e-02
8.812534254147511015e-02
1.182950827921448733e-01
1.523473685068716388e-01
1.896495411339150783e-01
2.295836385163673166e-01
2.716523647010583575e-01
3.154870092480594468e-01
3.608200259350017869e-01
