4.478007183583557205e-01
3.999134377131275397e-01
3.532083481592492302e-01
3.078894627881035850e-01
2.641895591493378381e-01
2.223573180835506646e-01
1.826273962670406648e-01
1.451667646654007382e-01
1.099986809691690243e-01
7.692664934716887670e-02
4.551004158672725119e-02
1.515405157718924430e-02
2.943990692297449030e-03
2.736889765088192181e-03
1.174426964678684793e-02
7.007235611755823629e-03
0.000000000000000000e+00
4.886127953570323923e-03
9.575338456232693196e-03
1.315769712017672566e-02
1.587471575004021501e-02
1.365700415756406286e-02
1.092885789726501938e-02
8.028761366770893748e-03
4.946510645901434217e-03
1.686585996061459869e-03
1.630731787632379304e-03
5.179269013024512258e-03
8.706066594484321297e-03
1.209201807972282161e-02
1.518250470398144203e-02
1.779971866364811472e-02
1.975890972984063743e-02
2.089027986337194109e-02
2.106077123704516718e-02
2.019281806330108786e-02
1.827717707227918820e-02
1.537268326636898053e-02
1.159949185575293029e-02
7.125594801036250203e-03
2.150806072615196740e-03
1.146600195411906498e-03
0.000000000000000000e+00
6.028994606528392808e-03
1.227775993262980592e-02
1.763225968236614705e-02
2.201878119196720718e-02
2.537206371230471547e-02
2.763917951380800986e-02
2.878248285683771002e-02
2.878248285683682184e-02
2.763917951381333893e-02
2.537206371231182089e-02
2.201878119197253625e-02
1.763225968235726526e-02
1.227775993262092413e-02
6.028994606532833700e-03
0.000000000000000000e+00
1.146600195403024930e-03
2.150806072608462977e-03
7.125594801035705500e-03
1.159949185575235436e-02
1.537268326638557836e-02
1.827717707227595814e-02
2.019281806330687143e-02
2.106077123706283361e-02
2.089027986337592749e-02
1.975890972983407670e-02
1.779971866365015823e-02
1.518250470397853463e-02
1.209201807972035136e-02
8.706066594483653429e-03
5.179269013023538211e-03
1.630731787605880969e-03
1.686585996067253195e-03
4.946510645905115300e-03
8.028761366770352514e-03
1.092885789726506449e-02
1.365700415756096985e-02
1.587471575004925639e-02
1.315769712017935203e-02
9.575338456233912707e-03
4.886127953575168138e-03
0.000000000000000000e+00
7.007235611758718882e-03
1.174426964679291426e-02
2.736889765087827022e-03
2.943990692296227785e-03
1.515405157719706963e-02
4.551004158672128375e-02
7.692664934716697545e-02
1.099986809691528705e-01
1.451667646654195010e-01
1.826273962670347251e-01
2.223573180835470564e-01
2.641895591493255702e-01
3.078894627881006429e-01
3.532083481592525054e-01
3.999134377131334239e-01
4.478007183583725959e-01
