-3.000000000000000000e+00
-2.898305084745762539e+00
-2.796610169491525522e+00
-2.694915254237288060e+00
-2.593220338983051043e+00
-2.491525423728813582e+00
-2.389830508474576121e+00
-2.288135593220339103e+00
-2.186440677966101642e+00
-2.084745762711864181e+00
-1.983050847457627164e+00
-1.881355932203389703e+00
-1.779661016949152463e+00
-1.677966101694915224e+00
-1.576271186440677763e+00
-1.474576271186440524e+00
-1.372881355932203284e+00
-1.271186440677966045e+00
-1.169491525423728806e+00
-1.067796610169491345e+00
-9.661016949152543276e-01
-8.644067796610168664e-01
-7.627118644067794051e-01
-6.610169491525423879e-01
-5.593220338983049267e-01
-4.576271186440674654e-01
-3.559322033898304483e-01
-2.542372881355929870e-01
-1.525423728813555257e-01
-5.084745762711850858e-02
5.084745762711895267e-02
1.525423728813559698e-01
2.542372881355934311e-01
3.559322033898308923e-01
4.576271186440679095e-01
5.593220338983053708e-01
6.610169491525423879e-01
7.627118644067798492e-01
8.644067796610173104e-01
9.661016949152543276e-01
1.067796610169491345e+00
1.169491525423729250e+00
1.271186440677966267e+00
1.372881355932203284e+00
1.474576271186441190e+00
1.576271186440678207e+00
1.677966101694915224e+00
1.779661016949153129e+00
1.881355932203390147e+00
1.983050847457627164e+00
2.084745762711865069e+00
2.186440677966102086e+00
2.288135593220339103e+00
2.389830508474577009e+00
2.491525423728814026e+00
2.593220338983051043e+00
2.694915254237288949e+00
2.796610169491525966e+00
2.898305084745762983e+00
3.000000000000000000e+00
