4.478011546756002215e-01
3.999138420826104934e-01
3.532086663595384590e-01
3.078896399826316355e-01
2.641895455893585876e-01
2.223570770444531775e-01
1.826269144664465216e-01
1.451660643026193576e-01
1.099978301539951131e-01
7.692576478430268594e-02
4.550927712594088348e-02
1.515357258011462704e-02
2.943966223995175824e-03
2.737368970252942232e-03
1.174643406069209028e-02
7.008420415992464014e-03
0.000000000000000000e+00
4.886854165842821618e-03
9.575631948590457299e-03
1.315790278269163283e-02
1.587514007358359347e-02
1.365507370365002388e-02
1.092542962369352604e-02
8.024202335300885391e-03
4.941429580259962262e-03
1.681734936032854575e-03
1.634178716566882022e-03
5.179510092911101572e-03
8.703126054655212912e-03
1.208682250641839907e-02
1.517635591244422856e-02
1.779355081952967849e-02
1.975357849711609215e-02
2.088627734719534362e-02
2.105842623788593479e-02
2.019260767758890643e-02
1.827856378253978065e-02
1.537490126423923797e-02
1.160176475990004619e-02
7.127314425607433890e-03
2.151636046521243628e-03
1.146083163495070778e-03
0.000000000000000000e+00
6.032287395502322624e-03
1.228004038948604659e-02
1.763331575680648911e-02
2.201893952584033087e-02
2.537168505048992273e-02
2.763838846119437420e-02
2.878146798776182180e-02
2.878146798776359816e-02
2.763838846119082149e-02
2.537168505048548184e-02
2.201893952583944269e-02
1.763331575680560093e-02
1.228004038948338206e-02
6.032287395494329019e-03
0.000000000000000000e+00
1.146083163503508473e-03
2.151636046523465375e-03
7.127314425613211386e-03
1.160176475986804401e-02
1.537490126423880603e-02
1.827856378254204620e-02
2.019260767758962113e-02
2.105842623788914750e-02
2.088627734719738366e-02
1.975357849711189412e-02
1.779355081952316980e-02
1.517635591244094820e-02
1.208682250640647805e-02
8.703126054641626558e-03
5.179510092901783505e-03
1.634178716572441160e-03
1.681734936027424240e-03
4.941429580266592375e-03
8.024202335302156944e-03
1.092542962368466160e-02
1.365507370369065283e-02
1.587514007358828763e-02
1.315790278267310598e-02
9.575631948586878564e-03
4.886854165846467139e-03
0.000000000000000000e+00
7.008420415989776928e-03
1.174643406069364460e-02
2.737368970247455735e-03
2.943966223995175824e-03
1.515357258013261266e-02
4.550927712593511032e-02
7.692576478432044951e-02
1.099978301539987768e-01
1.451660643026550235e-01
1.826269144664446065e-01
2.223570770444559253e-01
2.641895455893750744e-01
3.078896399826417940e-01
3.532086663595106479e-01
3.999138420826079399e-01
4.478011546755879535e-01
