3.608200145405928705e-01
3.154870521290055740e-01
2.716526222101838250e-01
2.295846098712818473e-01
1.896527026392178239e-01
1.523569102646998019e-01
1.183223594560176561e-01
8.819915942721719138e-02
6.239909542159573219e-02
4.070308652931484833e-02
2.199197725754918620e-02
4.435446088212451239e-03
4.122002702850401622e-03
6.190202746861678956e-03
1.514408708130340030e-02
1.492250010322358073e-02
1.450540099633918292e-02
1.379907555302960567e-02
1.291702260610816215e-02
1.198343386555599660e-02
1.106058503281731956e-02
1.015059982331536353e-02
9.217574396413779486e-03
8.206329178270792279e-03
7.054051605169120095e-03
5.697912416504887292e-03
4.082369548824564542e-03
2.168818448374831929e-03
5.092036629888751679e-05
2.537765637060044460e-03
5.185628976848745408e-03
7.805682201182095707e-03
1.012070561616032309e-02
1.178068592425526341e-02
1.240679787259414343e-02
1.165988177971569867e-02
9.313093056395325628e-03
5.299945298515593671e-03
2.800336196067759959e-04
6.638784554275531076e-04
1.090098912699613912e-02
2.100220026222862635e-02
3.081978361728763410e-02
4.016152743541268055e-02
4.880117486880826416e-02
5.649524525969585459e-02
6.300220359826098904e-02
6.810142408322714114e-02
7.161035839784749002e-02
7.339873059947908673e-02
7.339873059948257006e-02
7.161035839784674062e-02
6.810142408323037466e-02
6.300220359825992045e-02
5.649524525969492478e-02
4.880117486880641148e-02
4.016152743541531733e-02
3.081978361729093355e-02
2.100220026222896982e-02
1.090098912698954196e-02
6.638784554350023355e-04
2.800336196284506068e-04
5.299945298518939085e-03
9.313093056373285966e-03
1.165988177971446875e-02
1.240679787258552012e-02
1.178068592424709460e-02
1.012070561615319511e-02
7.805682201177641805e-03
5.185628976864401288e-03
2.537765637078560899e-03
5.092036627717838761e-05
2.168818448369963427e-03
4.082369548793811365e-03
5.697912416507579583e-03
7.054051605191590836e-03
8.206329178269258784e-03
9.217574396417873434e-03
1.015059982331617192e-02
1.106058503282380048e-02
1.198343386554695002e-02
1.291702260610842756e-02
1.379907555302321322e-02
1.450540099632856295e-02
1.492250010321410046e-02
1.514408708128850596e-02
6.190202746864540383e-03
4.122002702855019456e-03
4.435446088200125161e-03
2.199197725755447710e-02
4.070308652932110721e-02
6.239909542159950695e-02
8.819915942721613666e-02
1.183223594560317421e-01
1.523569102647091000e-01
1.896527026392146875e-01
2.295846098712785166e-01
2.716526222101335319e-01
3.154870521290116803e-01
3.608200145405449089e-01
